time 2020-10-30 16:54:58
robNum  80
taskNum  20
comp_threshold  0
rob2taskDisMat  27.80287754891569 50.92150822589606 53.2634959423431 43.46262762420146 30.01666203960727 50.92150822589606 30.805843601498726 49.47726750741192 31.953090617340916 42.190046219457976 36.013886210738214 51.31276644267 56.639209034025185 21.93171219946131 17.029386365926403 56.72741841473134 56.938563381947034 50.47771785649585 36.05551275463989 23.259406699226016 27.80287754891569 50.92150822589606 53.2634959423431 43.46262762420146 30.01666203960727 50.92150822589606 30.805843601498726 49.47726750741192 31.953090617340916 42.190046219457976 36.013886210738214 51.31276644267 56.639209034025185 21.93171219946131 17.029386365926403 56.72741841473134 56.938563381947034 50.47771785649585 36.05551275463989 23.259406699226016 27.80287754891569 50.92150822589606 53.2634959423431 43.46262762420146 30.01666203960727 50.92150822589606 30.805843601498726 49.47726750741192 31.953090617340916 42.190046219457976 36.013886210738214 51.31276644267 56.639209034025185 21.93171219946131 17.029386365926403 56.72741841473134 56.938563381947034 50.47771785649585 36.05551275463989 23.259406699226016 27.80287754891569 50.92150822589606 53.2634959423431 43.46262762420146 30.01666203960727 50.92150822589606 30.805843601498726 49.47726750741192 31.953090617340916 42.190046219457976 36.013886210738214 51.31276644267 56.639209034025185 21.93171219946131 17.029386365926403 56.72741841473134 56.938563381947034 50.47771785649585 36.05551275463989 23.259406699226016 27.80287754891569 50.92150822589606 53.2634959423431 43.46262762420146 30.01666203960727 50.92150822589606 30.805843601498726 49.47726750741192 31.953090617340916 42.190046219457976 36.013886210738214 51.31276644267 56.639209034025185 21.93171219946131 17.029386365926403 56.72741841473134 56.938563381947034 50.47771785649585 36.05551275463989 23.259406699226016 27.80287754891569 50.92150822589606 53.2634959423431 43.46262762420146 30.01666203960727 50.92150822589606 30.805843601498726 49.47726750741192 31.953090617340916 42.190046219457976 36.013886210738214 51.31276644267 56.639209034025185 21.93171219946131 17.029386365926403 56.72741841473134 56.938563381947034 50.47771785649585 36.05551275463989 23.259406699226016 27.80287754891569 50.92150822589606 53.2634959423431 43.46262762420146 30.01666203960727 50.92150822589606 30.805843601498726 49.47726750741192 31.953090617340916 42.190046219457976 36.013886210738214 51.31276644267 56.639209034025185 21.93171219946131 17.029386365926403 56.72741841473134 56.938563381947034 50.47771785649585 36.05551275463989 23.259406699226016 27.80287754891569 50.92150822589606 53.2634959423431 43.46262762420146 30.01666203960727 50.92150822589606 30.805843601498726 49.47726750741192 31.953090617340916 42.190046219457976 36.013886210738214 51.31276644267 56.639209034025185 21.93171219946131 17.029386365926403 56.72741841473134 56.938563381947034 50.47771785649585 36.05551275463989 23.259406699226016 27.80287754891569 50.92150822589606 53.2634959423431 43.46262762420146 30.01666203960727 50.92150822589606 30.805843601498726 49.47726750741192 31.953090617340916 42.190046219457976 36.013886210738214 51.31276644267 56.639209034025185 21.93171219946131 17.029386365926403 56.72741841473134 56.938563381947034 50.47771785649585 36.05551275463989 23.259406699226016 27.80287754891569 50.92150822589606 53.2634959423431 43.46262762420146 30.01666203960727 50.92150822589606 30.805843601498726 49.47726750741192 31.953090617340916 42.190046219457976 36.013886210738214 51.31276644267 56.639209034025185 21.93171219946131 17.029386365926403 56.72741841473134 56.938563381947034 50.47771785649585 36.05551275463989 23.259406699226016 27.80287754891569 50.92150822589606 53.2634959423431 43.46262762420146 30.01666203960727 50.92150822589606 30.805843601498726 49.47726750741192 31.953090617340916 42.190046219457976 36.013886210738214 51.31276644267 56.639209034025185 21.93171219946131 17.029386365926403 56.72741841473134 56.938563381947034 50.47771785649585 36.05551275463989 23.259406699226016 27.80287754891569 50.92150822589606 53.2634959423431 43.46262762420146 30.01666203960727 50.92150822589606 30.805843601498726 49.47726750741192 31.953090617340916 42.190046219457976 36.013886210738214 51.31276644267 56.639209034025185 21.93171219946131 17.029386365926403 56.72741841473134 56.938563381947034 50.47771785649585 36.05551275463989 23.259406699226016 27.80287754891569 50.92150822589606 53.2634959423431 43.46262762420146 30.01666203960727 50.92150822589606 30.805843601498726 49.47726750741192 31.953090617340916 42.190046219457976 36.013886210738214 51.31276644267 56.639209034025185 21.93171219946131 17.029386365926403 56.72741841473134 56.938563381947034 50.47771785649585 36.05551275463989 23.259406699226016 27.80287754891569 50.92150822589606 53.2634959423431 43.46262762420146 30.01666203960727 50.92150822589606 30.805843601498726 49.47726750741192 31.953090617340916 42.190046219457976 36.013886210738214 51.31276644267 56.639209034025185 21.93171219946131 17.029386365926403 56.72741841473134 56.938563381947034 50.47771785649585 36.05551275463989 23.259406699226016 27.80287754891569 50.92150822589606 53.2634959423431 43.46262762420146 30.01666203960727 50.92150822589606 30.805843601498726 49.47726750741192 31.953090617340916 42.190046219457976 36.013886210738214 51.31276644267 56.639209034025185 21.93171219946131 17.029386365926403 56.72741841473134 56.938563381947034 50.47771785649585 36.05551275463989 23.259406699226016 27.80287754891569 50.92150822589606 53.2634959423431 43.46262762420146 30.01666203960727 50.92150822589606 30.805843601498726 49.47726750741192 31.953090617340916 42.190046219457976 36.013886210738214 51.31276644267 56.639209034025185 21.93171219946131 17.029386365926403 56.72741841473134 56.938563381947034 50.47771785649585 36.05551275463989 23.259406699226016 27.80287754891569 50.92150822589606 53.2634959423431 43.46262762420146 30.01666203960727 50.92150822589606 30.805843601498726 49.47726750741192 31.953090617340916 42.190046219457976 36.013886210738214 51.31276644267 56.639209034025185 21.93171219946131 17.029386365926403 56.72741841473134 56.938563381947034 50.47771785649585 36.05551275463989 23.259406699226016 27.80287754891569 50.92150822589606 53.2634959423431 43.46262762420146 30.01666203960727 50.92150822589606 30.805843601498726 49.47726750741192 31.953090617340916 42.190046219457976 36.013886210738214 51.31276644267 56.639209034025185 21.93171219946131 17.029386365926403 56.72741841473134 56.938563381947034 50.47771785649585 36.05551275463989 23.259406699226016 27.80287754891569 50.92150822589606 53.2634959423431 43.46262762420146 30.01666203960727 50.92150822589606 30.805843601498726 49.47726750741192 31.953090617340916 42.190046219457976 36.013886210738214 51.31276644267 56.639209034025185 21.93171219946131 17.029386365926403 56.72741841473134 56.938563381947034 50.47771785649585 36.05551275463989 23.259406699226016 27.80287754891569 50.92150822589606 53.2634959423431 43.46262762420146 30.01666203960727 50.92150822589606 30.805843601498726 49.47726750741192 31.953090617340916 42.190046219457976 36.013886210738214 51.31276644267 56.639209034025185 21.93171219946131 17.029386365926403 56.72741841473134 56.938563381947034 50.47771785649585 36.05551275463989 23.259406699226016 27.80287754891569 50.92150822589606 53.2634959423431 43.46262762420146 30.01666203960727 50.92150822589606 30.805843601498726 49.47726750741192 31.953090617340916 42.190046219457976 36.013886210738214 51.31276644267 56.639209034025185 21.93171219946131 17.029386365926403 56.72741841473134 56.938563381947034 50.47771785649585 36.05551275463989 23.259406699226016 27.80287754891569 50.92150822589606 53.2634959423431 43.46262762420146 30.01666203960727 50.92150822589606 30.805843601498726 49.47726750741192 31.953090617340916 42.190046219457976 36.013886210738214 51.31276644267 56.639209034025185 21.93171219946131 17.029386365926403 56.72741841473134 56.938563381947034 50.47771785649585 36.05551275463989 23.259406699226016 27.80287754891569 50.92150822589606 53.2634959423431 43.46262762420146 30.01666203960727 50.92150822589606 30.805843601498726 49.47726750741192 31.953090617340916 42.190046219457976 36.013886210738214 51.31276644267 56.639209034025185 21.93171219946131 17.029386365926403 56.72741841473134 56.938563381947034 50.47771785649585 36.05551275463989 23.259406699226016 27.80287754891569 50.92150822589606 53.2634959423431 43.46262762420146 30.01666203960727 50.92150822589606 30.805843601498726 49.47726750741192 31.953090617340916 42.190046219457976 36.013886210738214 51.31276644267 56.639209034025185 21.93171219946131 17.029386365926403 56.72741841473134 56.938563381947034 50.47771785649585 36.05551275463989 23.259406699226016 27.80287754891569 50.92150822589606 53.2634959423431 43.46262762420146 30.01666203960727 50.92150822589606 30.805843601498726 49.47726750741192 31.953090617340916 42.190046219457976 36.013886210738214 51.31276644267 56.639209034025185 21.93171219946131 17.029386365926403 56.72741841473134 56.938563381947034 50.47771785649585 36.05551275463989 23.259406699226016 27.80287754891569 50.92150822589606 53.2634959423431 43.46262762420146 30.01666203960727 50.92150822589606 30.805843601498726 49.47726750741192 31.953090617340916 42.190046219457976 36.013886210738214 51.31276644267 56.639209034025185 21.93171219946131 17.029386365926403 56.72741841473134 56.938563381947034 50.47771785649585 36.05551275463989 23.259406699226016 27.80287754891569 50.92150822589606 53.2634959423431 43.46262762420146 30.01666203960727 50.92150822589606 30.805843601498726 49.47726750741192 31.953090617340916 42.190046219457976 36.013886210738214 51.31276644267 56.639209034025185 21.93171219946131 17.029386365926403 56.72741841473134 56.938563381947034 50.47771785649585 36.05551275463989 23.259406699226016 27.80287754891569 50.92150822589606 53.2634959423431 43.46262762420146 30.01666203960727 50.92150822589606 30.805843601498726 49.47726750741192 31.953090617340916 42.190046219457976 36.013886210738214 51.31276644267 56.639209034025185 21.93171219946131 17.029386365926403 56.72741841473134 56.938563381947034 50.47771785649585 36.05551275463989 23.259406699226016 27.80287754891569 50.92150822589606 53.2634959423431 43.46262762420146 30.01666203960727 50.92150822589606 30.805843601498726 49.47726750741192 31.953090617340916 42.190046219457976 36.013886210738214 51.31276644267 56.639209034025185 21.93171219946131 17.029386365926403 56.72741841473134 56.938563381947034 50.47771785649585 36.05551275463989 23.259406699226016 27.80287754891569 50.92150822589606 53.2634959423431 43.46262762420146 30.01666203960727 50.92150822589606 30.805843601498726 49.47726750741192 31.953090617340916 42.190046219457976 36.013886210738214 51.31276644267 56.639209034025185 21.93171219946131 17.029386365926403 56.72741841473134 56.938563381947034 50.47771785649585 36.05551275463989 23.259406699226016 27.80287754891569 50.92150822589606 53.2634959423431 43.46262762420146 30.01666203960727 50.92150822589606 30.805843601498726 49.47726750741192 31.953090617340916 42.190046219457976 36.013886210738214 51.31276644267 56.639209034025185 21.93171219946131 17.029386365926403 56.72741841473134 56.938563381947034 50.47771785649585 36.05551275463989 23.259406699226016 27.80287754891569 50.92150822589606 53.2634959423431 43.46262762420146 30.01666203960727 50.92150822589606 30.805843601498726 49.47726750741192 31.953090617340916 42.190046219457976 36.013886210738214 51.31276644267 56.639209034025185 21.93171219946131 17.029386365926403 56.72741841473134 56.938563381947034 50.47771785649585 36.05551275463989 23.259406699226016 27.80287754891569 50.92150822589606 53.2634959423431 43.46262762420146 30.01666203960727 50.92150822589606 30.805843601498726 49.47726750741192 31.953090617340916 42.190046219457976 36.013886210738214 51.31276644267 56.639209034025185 21.93171219946131 17.029386365926403 56.72741841473134 56.938563381947034 50.47771785649585 36.05551275463989 23.259406699226016 27.80287754891569 50.92150822589606 53.2634959423431 43.46262762420146 30.01666203960727 50.92150822589606 30.805843601498726 49.47726750741192 31.953090617340916 42.190046219457976 36.013886210738214 51.31276644267 56.639209034025185 21.93171219946131 17.029386365926403 56.72741841473134 56.938563381947034 50.47771785649585 36.05551275463989 23.259406699226016 27.80287754891569 50.92150822589606 53.2634959423431 43.46262762420146 30.01666203960727 50.92150822589606 30.805843601498726 49.47726750741192 31.953090617340916 42.190046219457976 36.013886210738214 51.31276644267 56.639209034025185 21.93171219946131 17.029386365926403 56.72741841473134 56.938563381947034 50.47771785649585 36.05551275463989 23.259406699226016 27.80287754891569 50.92150822589606 53.2634959423431 43.46262762420146 30.01666203960727 50.92150822589606 30.805843601498726 49.47726750741192 31.953090617340916 42.190046219457976 36.013886210738214 51.31276644267 56.639209034025185 21.93171219946131 17.029386365926403 56.72741841473134 56.938563381947034 50.47771785649585 36.05551275463989 23.259406699226016 27.80287754891569 50.92150822589606 53.2634959423431 43.46262762420146 30.01666203960727 50.92150822589606 30.805843601498726 49.47726750741192 31.953090617340916 42.190046219457976 36.013886210738214 51.31276644267 56.639209034025185 21.93171219946131 17.029386365926403 56.72741841473134 56.938563381947034 50.47771785649585 36.05551275463989 23.259406699226016 27.80287754891569 50.92150822589606 53.2634959423431 43.46262762420146 30.01666203960727 50.92150822589606 30.805843601498726 49.47726750741192 31.953090617340916 42.190046219457976 36.013886210738214 51.31276644267 56.639209034025185 21.93171219946131 17.029386365926403 56.72741841473134 56.938563381947034 50.47771785649585 36.05551275463989 23.259406699226016 27.80287754891569 50.92150822589606 53.2634959423431 43.46262762420146 30.01666203960727 50.92150822589606 30.805843601498726 49.47726750741192 31.953090617340916 42.190046219457976 36.013886210738214 51.31276644267 56.639209034025185 21.93171219946131 17.029386365926403 56.72741841473134 56.938563381947034 50.47771785649585 36.05551275463989 23.259406699226016 27.80287754891569 50.92150822589606 53.2634959423431 43.46262762420146 30.01666203960727 50.92150822589606 30.805843601498726 49.47726750741192 31.953090617340916 42.190046219457976 36.013886210738214 51.31276644267 56.639209034025185 21.93171219946131 17.029386365926403 56.72741841473134 56.938563381947034 50.47771785649585 36.05551275463989 23.259406699226016 27.80287754891569 50.92150822589606 53.2634959423431 43.46262762420146 30.01666203960727 50.92150822589606 30.805843601498726 49.47726750741192 31.953090617340916 42.190046219457976 36.013886210738214 51.31276644267 56.639209034025185 21.93171219946131 17.029386365926403 56.72741841473134 56.938563381947034 50.47771785649585 36.05551275463989 23.259406699226016 27.80287754891569 50.92150822589606 53.2634959423431 43.46262762420146 30.01666203960727 50.92150822589606 30.805843601498726 49.47726750741192 31.953090617340916 42.190046219457976 36.013886210738214 51.31276644267 56.639209034025185 21.93171219946131 17.029386365926403 56.72741841473134 56.938563381947034 50.47771785649585 36.05551275463989 23.259406699226016 27.80287754891569 50.92150822589606 53.2634959423431 43.46262762420146 30.01666203960727 50.92150822589606 30.805843601498726 49.47726750741192 31.953090617340916 42.190046219457976 36.013886210738214 51.31276644267 56.639209034025185 21.93171219946131 17.029386365926403 56.72741841473134 56.938563381947034 50.47771785649585 36.05551275463989 23.259406699226016 27.80287754891569 50.92150822589606 53.2634959423431 43.46262762420146 30.01666203960727 50.92150822589606 30.805843601498726 49.47726750741192 31.953090617340916 42.190046219457976 36.013886210738214 51.31276644267 56.639209034025185 21.93171219946131 17.029386365926403 56.72741841473134 56.938563381947034 50.47771785649585 36.05551275463989 23.259406699226016 27.80287754891569 50.92150822589606 53.2634959423431 43.46262762420146 30.01666203960727 50.92150822589606 30.805843601498726 49.47726750741192 31.953090617340916 42.190046219457976 36.013886210738214 51.31276644267 56.639209034025185 21.93171219946131 17.029386365926403 56.72741841473134 56.938563381947034 50.47771785649585 36.05551275463989 23.259406699226016 27.80287754891569 50.92150822589606 53.2634959423431 43.46262762420146 30.01666203960727 50.92150822589606 30.805843601498726 49.47726750741192 31.953090617340916 42.190046219457976 36.013886210738214 51.31276644267 56.639209034025185 21.93171219946131 17.029386365926403 56.72741841473134 56.938563381947034 50.47771785649585 36.05551275463989 23.259406699226016 27.80287754891569 50.92150822589606 53.2634959423431 43.46262762420146 30.01666203960727 50.92150822589606 30.805843601498726 49.47726750741192 31.953090617340916 42.190046219457976 36.013886210738214 51.31276644267 56.639209034025185 21.93171219946131 17.029386365926403 56.72741841473134 56.938563381947034 50.47771785649585 36.05551275463989 23.259406699226016 27.80287754891569 50.92150822589606 53.2634959423431 43.46262762420146 30.01666203960727 50.92150822589606 30.805843601498726 49.47726750741192 31.953090617340916 42.190046219457976 36.013886210738214 51.31276644267 56.639209034025185 21.93171219946131 17.029386365926403 56.72741841473134 56.938563381947034 50.47771785649585 36.05551275463989 23.259406699226016 27.80287754891569 50.92150822589606 53.2634959423431 43.46262762420146 30.01666203960727 50.92150822589606 30.805843601498726 49.47726750741192 31.953090617340916 42.190046219457976 36.013886210738214 51.31276644267 56.639209034025185 21.93171219946131 17.029386365926403 56.72741841473134 56.938563381947034 50.47771785649585 36.05551275463989 23.259406699226016 27.80287754891569 50.92150822589606 53.2634959423431 43.46262762420146 30.01666203960727 50.92150822589606 30.805843601498726 49.47726750741192 31.953090617340916 42.190046219457976 36.013886210738214 51.31276644267 56.639209034025185 21.93171219946131 17.029386365926403 56.72741841473134 56.938563381947034 50.47771785649585 36.05551275463989 23.259406699226016 27.80287754891569 50.92150822589606 53.2634959423431 43.46262762420146 30.01666203960727 50.92150822589606 30.805843601498726 49.47726750741192 31.953090617340916 42.190046219457976 36.013886210738214 51.31276644267 56.639209034025185 21.93171219946131 17.029386365926403 56.72741841473134 56.938563381947034 50.47771785649585 36.05551275463989 23.259406699226016 27.80287754891569 50.92150822589606 53.2634959423431 43.46262762420146 30.01666203960727 50.92150822589606 30.805843601498726 49.47726750741192 31.953090617340916 42.190046219457976 36.013886210738214 51.31276644267 56.639209034025185 21.93171219946131 17.029386365926403 56.72741841473134 56.938563381947034 50.47771785649585 36.05551275463989 23.259406699226016 27.80287754891569 50.92150822589606 53.2634959423431 43.46262762420146 30.01666203960727 50.92150822589606 30.805843601498726 49.47726750741192 31.953090617340916 42.190046219457976 36.013886210738214 51.31276644267 56.639209034025185 21.93171219946131 17.029386365926403 56.72741841473134 56.938563381947034 50.47771785649585 36.05551275463989 23.259406699226016 27.80287754891569 50.92150822589606 53.2634959423431 43.46262762420146 30.01666203960727 50.92150822589606 30.805843601498726 49.47726750741192 31.953090617340916 42.190046219457976 36.013886210738214 51.31276644267 56.639209034025185 21.93171219946131 17.029386365926403 56.72741841473134 56.938563381947034 50.47771785649585 36.05551275463989 23.259406699226016 27.80287754891569 50.92150822589606 53.2634959423431 43.46262762420146 30.01666203960727 50.92150822589606 30.805843601498726 49.47726750741192 31.953090617340916 42.190046219457976 36.013886210738214 51.31276644267 56.639209034025185 21.93171219946131 17.029386365926403 56.72741841473134 56.938563381947034 50.47771785649585 36.05551275463989 23.259406699226016 27.80287754891569 50.92150822589606 53.2634959423431 43.46262762420146 30.01666203960727 50.92150822589606 30.805843601498726 49.47726750741192 31.953090617340916 42.190046219457976 36.013886210738214 51.31276644267 56.639209034025185 21.93171219946131 17.029386365926403 56.72741841473134 56.938563381947034 50.47771785649585 36.05551275463989 23.259406699226016 27.80287754891569 50.92150822589606 53.2634959423431 43.46262762420146 30.01666203960727 50.92150822589606 30.805843601498726 49.47726750741192 31.953090617340916 42.190046219457976 36.013886210738214 51.31276644267 56.639209034025185 21.93171219946131 17.029386365926403 56.72741841473134 56.938563381947034 50.47771785649585 36.05551275463989 23.259406699226016 27.80287754891569 50.92150822589606 53.2634959423431 43.46262762420146 30.01666203960727 50.92150822589606 30.805843601498726 49.47726750741192 31.953090617340916 42.190046219457976 36.013886210738214 51.31276644267 56.639209034025185 21.93171219946131 17.029386365926403 56.72741841473134 56.938563381947034 50.47771785649585 36.05551275463989 23.259406699226016 27.80287754891569 50.92150822589606 53.2634959423431 43.46262762420146 30.01666203960727 50.92150822589606 30.805843601498726 49.47726750741192 31.953090617340916 42.190046219457976 36.013886210738214 51.31276644267 56.639209034025185 21.93171219946131 17.029386365926403 56.72741841473134 56.938563381947034 50.47771785649585 36.05551275463989 23.259406699226016 27.80287754891569 50.92150822589606 53.2634959423431 43.46262762420146 30.01666203960727 50.92150822589606 30.805843601498726 49.47726750741192 31.953090617340916 42.190046219457976 36.013886210738214 51.31276644267 56.639209034025185 21.93171219946131 17.029386365926403 56.72741841473134 56.938563381947034 50.47771785649585 36.05551275463989 23.259406699226016 27.80287754891569 50.92150822589606 53.2634959423431 43.46262762420146 30.01666203960727 50.92150822589606 30.805843601498726 49.47726750741192 31.953090617340916 42.190046219457976 36.013886210738214 51.31276644267 56.639209034025185 21.93171219946131 17.029386365926403 56.72741841473134 56.938563381947034 50.47771785649585 36.05551275463989 23.259406699226016 27.80287754891569 50.92150822589606 53.2634959423431 43.46262762420146 30.01666203960727 50.92150822589606 30.805843601498726 49.47726750741192 31.953090617340916 42.190046219457976 36.013886210738214 51.31276644267 56.639209034025185 21.93171219946131 17.029386365926403 56.72741841473134 56.938563381947034 50.47771785649585 36.05551275463989 23.259406699226016 27.80287754891569 50.92150822589606 53.2634959423431 43.46262762420146 30.01666203960727 50.92150822589606 30.805843601498726 49.47726750741192 31.953090617340916 42.190046219457976 36.013886210738214 51.31276644267 56.639209034025185 21.93171219946131 17.029386365926403 56.72741841473134 56.938563381947034 50.47771785649585 36.05551275463989 23.259406699226016 27.80287754891569 50.92150822589606 53.2634959423431 43.46262762420146 30.01666203960727 50.92150822589606 30.805843601498726 49.47726750741192 31.953090617340916 42.190046219457976 36.013886210738214 51.31276644267 56.639209034025185 21.93171219946131 17.029386365926403 56.72741841473134 56.938563381947034 50.47771785649585 36.05551275463989 23.259406699226016 27.80287754891569 50.92150822589606 53.2634959423431 43.46262762420146 30.01666203960727 50.92150822589606 30.805843601498726 49.47726750741192 31.953090617340916 42.190046219457976 36.013886210738214 51.31276644267 56.639209034025185 21.93171219946131 17.029386365926403 56.72741841473134 56.938563381947034 50.47771785649585 36.05551275463989 23.259406699226016 27.80287754891569 50.92150822589606 53.2634959423431 43.46262762420146 30.01666203960727 50.92150822589606 30.805843601498726 49.47726750741192 31.953090617340916 42.190046219457976 36.013886210738214 51.31276644267 56.639209034025185 21.93171219946131 17.029386365926403 56.72741841473134 56.938563381947034 50.47771785649585 36.05551275463989 23.259406699226016 27.80287754891569 50.92150822589606 53.2634959423431 43.46262762420146 30.01666203960727 50.92150822589606 30.805843601498726 49.47726750741192 31.953090617340916 42.190046219457976 36.013886210738214 51.31276644267 56.639209034025185 21.93171219946131 17.029386365926403 56.72741841473134 56.938563381947034 50.47771785649585 36.05551275463989 23.259406699226016 27.80287754891569 50.92150822589606 53.2634959423431 43.46262762420146 30.01666203960727 50.92150822589606 30.805843601498726 49.47726750741192 31.953090617340916 42.190046219457976 36.013886210738214 51.31276644267 56.639209034025185 21.93171219946131 17.029386365926403 56.72741841473134 56.938563381947034 50.47771785649585 36.05551275463989 23.259406699226016 27.80287754891569 50.92150822589606 53.2634959423431 43.46262762420146 30.01666203960727 50.92150822589606 30.805843601498726 49.47726750741192 31.953090617340916 42.190046219457976 36.013886210738214 51.31276644267 56.639209034025185 21.93171219946131 17.029386365926403 56.72741841473134 56.938563381947034 50.47771785649585 36.05551275463989 23.259406699226016 27.80287754891569 50.92150822589606 53.2634959423431 43.46262762420146 30.01666203960727 50.92150822589606 30.805843601498726 49.47726750741192 31.953090617340916 42.190046219457976 36.013886210738214 51.31276644267 56.639209034025185 21.93171219946131 17.029386365926403 56.72741841473134 56.938563381947034 50.47771785649585 36.05551275463989 23.259406699226016 27.80287754891569 50.92150822589606 53.2634959423431 43.46262762420146 30.01666203960727 50.92150822589606 30.805843601498726 49.47726750741192 31.953090617340916 42.190046219457976 36.013886210738214 51.31276644267 56.639209034025185 21.93171219946131 17.029386365926403 56.72741841473134 56.938563381947034 50.47771785649585 36.05551275463989 23.259406699226016 27.80287754891569 50.92150822589606 53.2634959423431 43.46262762420146 30.01666203960727 50.92150822589606 30.805843601498726 49.47726750741192 31.953090617340916 42.190046219457976 36.013886210738214 51.31276644267 56.639209034025185 21.93171219946131 17.029386365926403 56.72741841473134 56.938563381947034 50.47771785649585 36.05551275463989 23.259406699226016 27.80287754891569 50.92150822589606 53.2634959423431 43.46262762420146 30.01666203960727 50.92150822589606 30.805843601498726 49.47726750741192 31.953090617340916 42.190046219457976 36.013886210738214 51.31276644267 56.639209034025185 21.93171219946131 17.029386365926403 56.72741841473134 56.938563381947034 50.47771785649585 36.05551275463989 23.259406699226016 27.80287754891569 50.92150822589606 53.2634959423431 43.46262762420146 30.01666203960727 50.92150822589606 30.805843601498726 49.47726750741192 31.953090617340916 42.190046219457976 36.013886210738214 51.31276644267 56.639209034025185 21.93171219946131 17.029386365926403 56.72741841473134 56.938563381947034 50.47771785649585 36.05551275463989 23.259406699226016 27.80287754891569 50.92150822589606 53.2634959423431 43.46262762420146 30.01666203960727 50.92150822589606 30.805843601498726 49.47726750741192 31.953090617340916 42.190046219457976 36.013886210738214 51.31276644267 56.639209034025185 21.93171219946131 17.029386365926403 56.72741841473134 56.938563381947034 50.47771785649585 36.05551275463989 23.259406699226016 27.80287754891569 50.92150822589606 53.2634959423431 43.46262762420146 30.01666203960727 50.92150822589606 30.805843601498726 49.47726750741192 31.953090617340916 42.190046219457976 36.013886210738214 51.31276644267 56.639209034025185 21.93171219946131 17.029386365926403 56.72741841473134 56.938563381947034 50.47771785649585 36.05551275463989 23.259406699226016 27.80287754891569 50.92150822589606 53.2634959423431 43.46262762420146 30.01666203960727 50.92150822589606 30.805843601498726 49.47726750741192 31.953090617340916 42.190046219457976 36.013886210738214 51.31276644267 56.639209034025185 21.93171219946131 17.029386365926403 56.72741841473134 56.938563381947034 50.47771785649585 36.05551275463989 23.259406699226016 27.80287754891569 50.92150822589606 53.2634959423431 43.46262762420146 30.01666203960727 50.92150822589606 30.805843601498726 49.47726750741192 31.953090617340916 42.190046219457976 36.013886210738214 51.31276644267 56.639209034025185 21.93171219946131 17.029386365926403 56.72741841473134 56.938563381947034 50.47771785649585 36.05551275463989 23.259406699226016 27.80287754891569 50.92150822589606 53.2634959423431 43.46262762420146 30.01666203960727 50.92150822589606 30.805843601498726 49.47726750741192 31.953090617340916 42.190046219457976 36.013886210738214 51.31276644267 56.639209034025185 21.93171219946131 17.029386365926403 56.72741841473134 56.938563381947034 50.47771785649585 36.05551275463989 23.259406699226016 27.80287754891569 50.92150822589606 53.2634959423431 43.46262762420146 30.01666203960727 50.92150822589606 30.805843601498726 49.47726750741192 31.953090617340916 42.190046219457976 36.013886210738214 51.31276644267 56.639209034025185 21.93171219946131 17.029386365926403 56.72741841473134 56.938563381947034 50.47771785649585 36.05551275463989 23.259406699226016
taskDisMat  0.0 42.80186911806539 25.495097567963924 70.71067811865476 19.697715603592208 77.82030583337487 8.94427190999916 26.476404589747453 57.42821606144492 53.0 57.0087712549569 60.29925372672534 61.1310068623117 42.7551166528639 41.048751503547585 57.9396237474839 66.37017402418047 59.30430001273095 56.64803615307419 43.56604182158393 42.80186911806539 0.0 51.478150704935004 88.0 24.08318915758459 96.0 51.61395160225576 29.0 60.41522986797286 32.202484376209235 50.695167422546305 32.802438933713454 26.92582403567252 72.80109889280519 49.0 20.615528128088304 37.21558813185679 32.01562118716424 49.76946855251722 74.09453421137081 25.495097567963924 51.478150704935004 0.0 95.71833680126291 36.68787265568828 102.57680049601859 24.698178070456937 23.08679276123039 82.46211251235322 72.53275122315436 80.62257748298549 78.08969202141856 76.05918747922567 65.92419889539804 66.06814663663572 71.02816342831905 83.86298349093002 77.10382610480494 80.1311425102625 66.48308055437865 70.71067811865476 88.0 95.71833680126291 0.0 71.80529228406496 8.0 71.61005515987263 92.65527507918802 31.78049716414141 64.8459713474939 45.18849411078001 72.80109889280519 81.9084855189009 32.802438933713454 39.0 85.37564055396598 76.05918747922567 72.44998274671983 46.09772228646444 33.015148038438355 19.697715603592208 24.08318915758459 36.68787265568828 71.80529228406496 0.0 79.62411694957753 28.635642126552707 22.20360331117452 50.21951811795888 35.90264614203248 45.45327270945405 42.04759208325728 41.773197148410844 50.99019513592785 34.88552708502482 38.27531841800928 48.010415536631214 41.048751503547585 44.82186966202994 52.172789842982326 77.82030583337487 96.0 102.57680049601859 8.0 79.62411694957753 0.0 78.23042886243178 100.2845950283492 39.21734310225516 72.53275122315436 52.55473337388365 80.32434251209281 89.56003573022959 38.2099463490856 47.0 93.17188417113823 83.38465086573187 80.00624975587844 53.48831648126533 38.18376618407357 8.94427190999916 51.61395160225576 24.698178070456937 71.61005515987263 28.635642126552707 78.23042886243178 0.0 32.69556544854363 62.177166226839255 61.1310068623117 63.324560795950255 68.73136110975832 69.92138442565336 41.23105625617661 46.09772228646444 66.85057965343307 74.81310045707235 67.7421582177598 63.06346010171025 41.78516483155236 26.476404589747453 29.0 23.08679276123039 92.65527507918802 22.20360331117452 100.2845950283492 32.69556544854363 0.0 72.42237223399962 54.589376255824725 67.17886572427373 58.52349955359813 54.91812087098393 68.06614430096654 56.938563381947034 49.25444142409901 63.89053137985315 57.584720195551874 66.48308055437865 69.02897942168927 57.42821606144492 60.41522986797286 82.46211251235322 31.78049716414141 50.21951811795888 39.21734310225516 62.177166226839255 72.42237223399962 0.0 33.54101966249684 13.416407864998739 41.10960958218893 50.44799302251776 40.024992192379 16.401219466856727 54.45181356024793 44.28317965096906 40.80441152620633 14.317821063276353 41.23105625617661 53.0 32.202484376209235 72.53275122315436 64.8459713474939 35.90264614203248 72.53275122315436 61.1310068623117 54.589376255824725 33.54101966249684 0.0 21.0 9.219544457292887 17.08800749063506 61.554853586049575 29.832867780352597 21.02379604162864 14.7648230602334 8.48528137423857 20.0 62.96824596572466 57.0087712549569 50.695167422546305 80.62257748298549 45.18849411078001 45.45327270945405 52.55473337388365 63.324560795950255 67.17886572427373 13.416407864998739 21.0 0.0 27.892651361962706 37.48332962798263 49.658836071740545 19.1049731745428 42.01190307520001 30.870698080866262 27.65863337187866 1.0 50.99019513592785 60.29925372672534 32.802438933713454 78.08969202141856 72.80109889280519 42.04759208325728 80.32434251209281 68.73136110975832 58.52349955359813 41.10960958218893 9.219544457292887 27.892651361962706 0.0 10.04987562112089 70.76722405181653 38.948684188300895 16.15549442140351 6.082762530298219 1.0 26.92582403567252 72.18032973047436 61.1310068623117 26.92582403567252 76.05918747922567 81.9084855189009 41.773197148410844 89.56003573022959 69.92138442565336 54.91812087098393 50.44799302251776 17.08800749063506 37.48332962798263 10.04987562112089 0.0 77.23341245859851 46.32493928760188 7.0710678118654755 11.40175425099138 10.0 36.49657518178932 78.64477096412705 42.7551166528639 72.80109889280519 65.92419889539804 32.802438933713454 50.99019513592785 38.2099463490856 41.23105625617661 68.06614430096654 40.024992192379 61.554853586049575 49.658836071740545 70.76722405181653 77.23341245859851 0.0 32.202484376209235 78.00640999302557 75.92759709091287 70.03570517957252 50.08991914547278 1.4142135623730951 41.048751503547585 49.0 66.06814663663572 39.0 34.88552708502482 47.0 46.09772228646444 56.938563381947034 16.401219466856727 29.832867780352597 19.1049731745428 38.948684188300895 46.32493928760188 32.202484376209235 0.0 48.33218389437829 43.86342439892262 38.28837943815329 19.235384061671343 33.60059523282288 57.9396237474839 20.615528128088304 71.02816342831905 85.37564055396598 38.27531841800928 93.17188417113823 66.85057965343307 49.25444142409901 54.45181356024793 21.02379604162864 42.01190307520001 16.15549442140351 7.0710678118654755 78.00640999302557 48.33218389437829 0.0 18.439088914585774 15.811388300841896 41.012193308819754 79.40403012442127 66.37017402418047 37.21558813185679 83.86298349093002 76.05918747922567 48.010415536631214 83.38465086573187 74.81310045707235 63.89053137985315 44.28317965096906 14.7648230602334 30.870698080866262 6.082762530298219 11.40175425099138 75.92759709091287 43.86342439892262 18.439088914585774 0.0 7.0710678118654755 29.966648127543394 77.33692520394123 59.30430001273095 32.01562118716424 77.10382610480494 72.44998274671983 41.048751503547585 80.00624975587844 67.7421582177598 57.584720195551874 40.80441152620633 8.48528137423857 27.65863337187866 1.0 10.0 70.03570517957252 38.28837943815329 15.811388300841896 7.0710678118654755 0.0 26.68332812825267 71.449282711585 56.64803615307419 49.76946855251722 80.1311425102625 46.09772228646444 44.82186966202994 53.48831648126533 63.06346010171025 66.48308055437865 14.317821063276353 20.0 1.0 26.92582403567252 36.49657518178932 50.08991914547278 19.235384061671343 41.012193308819754 29.966648127543394 26.68332812825267 0.0 51.42956348249516 43.56604182158393 74.09453421137081 66.48308055437865 33.015148038438355 52.172789842982326 38.18376618407357 41.78516483155236 69.02897942168927 41.23105625617661 62.96824596572466 50.99019513592785 72.18032973047436 78.64477096412705 1.4142135623730951 33.60059523282288 79.40403012442127 77.33692520394123 71.449282711585 51.42956348249516 0.0

rob_x  50.0 50.0 50.0 50.0 50.0 50.0 50.0 50.0 50.0 50.0 50.0 50.0 50.0 50.0 50.0 50.0 50.0 50.0 50.0 50.0 50.0 50.0 50.0 50.0 50.0 50.0 50.0 50.0 50.0 50.0 50.0 50.0 50.0 50.0 50.0 50.0 50.0 50.0 50.0 50.0 50.0 50.0 50.0 50.0 50.0 50.0 50.0 50.0 50.0 50.0 50.0 50.0 50.0 50.0 50.0 50.0 50.0 50.0 50.0 50.0 50.0 50.0 50.0 50.0 50.0 50.0 50.0 50.0 50.0 50.0 50.0 50.0 50.0 50.0 50.0 50.0 50.0 50.0 50.0 50.0
rob_y  50.0 50.0 50.0 50.0 50.0 50.0 50.0 50.0 50.0 50.0 50.0 50.0 50.0 50.0 50.0 50.0 50.0 50.0 50.0 50.0 50.0 50.0 50.0 50.0 50.0 50.0 50.0 50.0 50.0 50.0 50.0 50.0 50.0 50.0 50.0 50.0 50.0 50.0 50.0 50.0 50.0 50.0 50.0 50.0 50.0 50.0 50.0 50.0 50.0 50.0 50.0 50.0 50.0 50.0 50.0 50.0 50.0 50.0 50.0 50.0 50.0 50.0 50.0 50.0 50.0 50.0 50.0 50.0 50.0 50.0 50.0 50.0 50.0 50.0 50.0 50.0 50.0 50.0 50.0 50.0
rob_vel  1.0 1.0 1.0 1.0 1.0 1.0 1.0 1.0 1.0 1.0 1.0 1.0 1.0 1.0 1.0 1.0 1.0 1.0 1.0 1.0 1.0 1.0 1.0 1.0 1.0 1.0 1.0 1.0 1.0 1.0 1.0 1.0 1.0 1.0 1.0 1.0 1.0 1.0 1.0 1.0 1.0 1.0 1.0 1.0 1.0 1.0 1.0 1.0 1.0 1.0 1.0 1.0 1.0 1.0 1.0 1.0 1.0 1.0 1.0 1.0 1.0 1.0 1.0 1.0 1.0 1.0 1.0 1.0 1.0 1.0 1.0 1.0 1.0 1.0 1.0 1.0 1.0 1.0 1.0 1.0
rob_abi  0.02361251561792906 0.027792875772298057 0.03696496645013868 0.029738398110553472 0.03543451420874304 0.025433585990721624 0.02880829902144251 0.022430125662037004 0.03366488561897825 0.03196622438059994 0.0444088438400625 0.048911095884329445 0.045972224803647044 0.04034323024870116 0.03993766978321461 0.045392002202609485 0.023083174801474756 0.03466299531516272 0.022500937268045952 0.040112187795495975 0.021776192117946406 0.028362542771487847 0.028062138775944982 0.025289648667934556 0.03432081184190862 0.04152522191734313 0.0301217446514306 0.033641687305394755 0.03025575948600461 0.04542988932894716 0.026791788938455154 0.042050592268582015 0.04760742792025191 0.02173598625278028 0.03321427855910282 0.02594532915809146 0.024592673851561116 0.025379350833291747 0.02243943253048087 0.02122413519939008 0.029608106986736122 0.03362549093478852 0.04449082015903606 0.035797813049530544 0.02114576567058113 0.032676393215830754 0.04445136404127399 0.02771786391885617 0.03557375735892208 0.04875906022739794 0.02566572908425109 0.02121762110409723 0.045295532729097365 0.03132791982826488 0.03195316981778645 0.03278163640317368 0.03328022129915632 0.0369430000168565 0.020717355253912346 0.03417492073003153 0.04195053914561306 0.03258039872989092 0.046920138172187056 0.02481121484234111 0.03629934776771476 0.04332556862558555 0.041858951487492004 0.03868945632247334 0.028015912620138153 0.03238964820243634 0.03443935311263173 0.048738337683823074 0.04808610924503952 0.03370042052942161 0.031926869873292386 0.03129689602993914 0.02720417187187817 0.036265487569132115 0.04435935174368395 0.04149523482559445

task_x  67.0 33.0 84.0 33.0 49.0 33.0 75.0 62.0 20.0 14.0 14.0 7.0 8.0 59.0 33.0 13.0 1.0 8.0 14.0 60.0
task_y  28.0 2.0 9.0 90.0 20.0 98.0 32.0 2.0 61.0 28.0 49.0 22.0 12.0 70.0 51.0 7.0 21.0 22.0 48.0 71.0
task_rate  0.1641633608995868 0.1355755020644468 0.1437832088101894 0.13388671345908426 0.13184737404699706 0.1382211394133825 0.16537648617407233 0.1290039264281219 0.12292365194673416 0.17256897348268807 0.15610262405089514 0.19898961218251723 0.143136743239449 0.19050333032613082 0.17454169648575135 0.1587093399960806 0.11866350334201317 0.18570090610745865 0.13303372708128194 0.13516783488339068
task_init_demand  2.3025850929940455 2.3025850929940455 2.3025850929940455 2.3025850929940455 2.3025850929940455 2.3025850929940455 2.3025850929940455 2.3025850929940455 2.3025850929940455 2.3025850929940455 2.3025850929940455 2.3025850929940455 2.3025850929940455 2.3025850929940455 2.3025850929940455 2.3025850929940455 2.3025850929940455 2.3025850929940455 2.3025850929940455 2.3025850929940455
