time 2020-10-30 16:54:58
robNum  80
taskNum  20
comp_threshold  0
rob2taskDisMat  49.72926703662542 106.25441167311595 136.56134152826706 78.0 71.56116265125938 104.35516278555652 96.38464608017192 30.528675044947494 119.60351165413162 96.74709297958259 140.0142849854971 75.28612089887484 68.06614430096654 70.2922470831599 135.14806694880988 68.11754546370561 135.77186748365804 70.11419257183242 73.7563556583431 63.150613615387776 49.72926703662542 106.25441167311595 136.56134152826706 78.0 71.56116265125938 104.35516278555652 96.38464608017192 30.528675044947494 119.60351165413162 96.74709297958259 140.0142849854971 75.28612089887484 68.06614430096654 70.2922470831599 135.14806694880988 68.11754546370561 135.77186748365804 70.11419257183242 73.7563556583431 63.150613615387776 49.72926703662542 106.25441167311595 136.56134152826706 78.0 71.56116265125938 104.35516278555652 96.38464608017192 30.528675044947494 119.60351165413162 96.74709297958259 140.0142849854971 75.28612089887484 68.06614430096654 70.2922470831599 135.14806694880988 68.11754546370561 135.77186748365804 70.11419257183242 73.7563556583431 63.150613615387776 49.72926703662542 106.25441167311595 136.56134152826706 78.0 71.56116265125938 104.35516278555652 96.38464608017192 30.528675044947494 119.60351165413162 96.74709297958259 140.0142849854971 75.28612089887484 68.06614430096654 70.2922470831599 135.14806694880988 68.11754546370561 135.77186748365804 70.11419257183242 73.7563556583431 63.150613615387776 49.72926703662542 106.25441167311595 136.56134152826706 78.0 71.56116265125938 104.35516278555652 96.38464608017192 30.528675044947494 119.60351165413162 96.74709297958259 140.0142849854971 75.28612089887484 68.06614430096654 70.2922470831599 135.14806694880988 68.11754546370561 135.77186748365804 70.11419257183242 73.7563556583431 63.150613615387776 49.72926703662542 106.25441167311595 136.56134152826706 78.0 71.56116265125938 104.35516278555652 96.38464608017192 30.528675044947494 119.60351165413162 96.74709297958259 140.0142849854971 75.28612089887484 68.06614430096654 70.2922470831599 135.14806694880988 68.11754546370561 135.77186748365804 70.11419257183242 73.7563556583431 63.150613615387776 49.72926703662542 106.25441167311595 136.56134152826706 78.0 71.56116265125938 104.35516278555652 96.38464608017192 30.528675044947494 119.60351165413162 96.74709297958259 140.0142849854971 75.28612089887484 68.06614430096654 70.2922470831599 135.14806694880988 68.11754546370561 135.77186748365804 70.11419257183242 73.7563556583431 63.150613615387776 49.72926703662542 106.25441167311595 136.56134152826706 78.0 71.56116265125938 104.35516278555652 96.38464608017192 30.528675044947494 119.60351165413162 96.74709297958259 140.0142849854971 75.28612089887484 68.06614430096654 70.2922470831599 135.14806694880988 68.11754546370561 135.77186748365804 70.11419257183242 73.7563556583431 63.150613615387776 49.72926703662542 106.25441167311595 136.56134152826706 78.0 71.56116265125938 104.35516278555652 96.38464608017192 30.528675044947494 119.60351165413162 96.74709297958259 140.0142849854971 75.28612089887484 68.06614430096654 70.2922470831599 135.14806694880988 68.11754546370561 135.77186748365804 70.11419257183242 73.7563556583431 63.150613615387776 49.72926703662542 106.25441167311595 136.56134152826706 78.0 71.56116265125938 104.35516278555652 96.38464608017192 30.528675044947494 119.60351165413162 96.74709297958259 140.0142849854971 75.28612089887484 68.06614430096654 70.2922470831599 135.14806694880988 68.11754546370561 135.77186748365804 70.11419257183242 73.7563556583431 63.150613615387776 49.72926703662542 106.25441167311595 136.56134152826706 78.0 71.56116265125938 104.35516278555652 96.38464608017192 30.528675044947494 119.60351165413162 96.74709297958259 140.0142849854971 75.28612089887484 68.06614430096654 70.2922470831599 135.14806694880988 68.11754546370561 135.77186748365804 70.11419257183242 73.7563556583431 63.150613615387776 49.72926703662542 106.25441167311595 136.56134152826706 78.0 71.56116265125938 104.35516278555652 96.38464608017192 30.528675044947494 119.60351165413162 96.74709297958259 140.0142849854971 75.28612089887484 68.06614430096654 70.2922470831599 135.14806694880988 68.11754546370561 135.77186748365804 70.11419257183242 73.7563556583431 63.150613615387776 49.72926703662542 106.25441167311595 136.56134152826706 78.0 71.56116265125938 104.35516278555652 96.38464608017192 30.528675044947494 119.60351165413162 96.74709297958259 140.0142849854971 75.28612089887484 68.06614430096654 70.2922470831599 135.14806694880988 68.11754546370561 135.77186748365804 70.11419257183242 73.7563556583431 63.150613615387776 49.72926703662542 106.25441167311595 136.56134152826706 78.0 71.56116265125938 104.35516278555652 96.38464608017192 30.528675044947494 119.60351165413162 96.74709297958259 140.0142849854971 75.28612089887484 68.06614430096654 70.2922470831599 135.14806694880988 68.11754546370561 135.77186748365804 70.11419257183242 73.7563556583431 63.150613615387776 49.72926703662542 106.25441167311595 136.56134152826706 78.0 71.56116265125938 104.35516278555652 96.38464608017192 30.528675044947494 119.60351165413162 96.74709297958259 140.0142849854971 75.28612089887484 68.06614430096654 70.2922470831599 135.14806694880988 68.11754546370561 135.77186748365804 70.11419257183242 73.7563556583431 63.150613615387776 49.72926703662542 106.25441167311595 136.56134152826706 78.0 71.56116265125938 104.35516278555652 96.38464608017192 30.528675044947494 119.60351165413162 96.74709297958259 140.0142849854971 75.28612089887484 68.06614430096654 70.2922470831599 135.14806694880988 68.11754546370561 135.77186748365804 70.11419257183242 73.7563556583431 63.150613615387776 49.72926703662542 106.25441167311595 136.56134152826706 78.0 71.56116265125938 104.35516278555652 96.38464608017192 30.528675044947494 119.60351165413162 96.74709297958259 140.0142849854971 75.28612089887484 68.06614430096654 70.2922470831599 135.14806694880988 68.11754546370561 135.77186748365804 70.11419257183242 73.7563556583431 63.150613615387776 49.72926703662542 106.25441167311595 136.56134152826706 78.0 71.56116265125938 104.35516278555652 96.38464608017192 30.528675044947494 119.60351165413162 96.74709297958259 140.0142849854971 75.28612089887484 68.06614430096654 70.2922470831599 135.14806694880988 68.11754546370561 135.77186748365804 70.11419257183242 73.7563556583431 63.150613615387776 49.72926703662542 106.25441167311595 136.56134152826706 78.0 71.56116265125938 104.35516278555652 96.38464608017192 30.528675044947494 119.60351165413162 96.74709297958259 140.0142849854971 75.28612089887484 68.06614430096654 70.2922470831599 135.14806694880988 68.11754546370561 135.77186748365804 70.11419257183242 73.7563556583431 63.150613615387776 49.72926703662542 106.25441167311595 136.56134152826706 78.0 71.56116265125938 104.35516278555652 96.38464608017192 30.528675044947494 119.60351165413162 96.74709297958259 140.0142849854971 75.28612089887484 68.06614430096654 70.2922470831599 135.14806694880988 68.11754546370561 135.77186748365804 70.11419257183242 73.7563556583431 63.150613615387776 49.72926703662542 106.25441167311595 136.56134152826706 78.0 71.56116265125938 104.35516278555652 96.38464608017192 30.528675044947494 119.60351165413162 96.74709297958259 140.0142849854971 75.28612089887484 68.06614430096654 70.2922470831599 135.14806694880988 68.11754546370561 135.77186748365804 70.11419257183242 73.7563556583431 63.150613615387776 49.72926703662542 106.25441167311595 136.56134152826706 78.0 71.56116265125938 104.35516278555652 96.38464608017192 30.528675044947494 119.60351165413162 96.74709297958259 140.0142849854971 75.28612089887484 68.06614430096654 70.2922470831599 135.14806694880988 68.11754546370561 135.77186748365804 70.11419257183242 73.7563556583431 63.150613615387776 49.72926703662542 106.25441167311595 136.56134152826706 78.0 71.56116265125938 104.35516278555652 96.38464608017192 30.528675044947494 119.60351165413162 96.74709297958259 140.0142849854971 75.28612089887484 68.06614430096654 70.2922470831599 135.14806694880988 68.11754546370561 135.77186748365804 70.11419257183242 73.7563556583431 63.150613615387776 49.72926703662542 106.25441167311595 136.56134152826706 78.0 71.56116265125938 104.35516278555652 96.38464608017192 30.528675044947494 119.60351165413162 96.74709297958259 140.0142849854971 75.28612089887484 68.06614430096654 70.2922470831599 135.14806694880988 68.11754546370561 135.77186748365804 70.11419257183242 73.7563556583431 63.150613615387776 49.72926703662542 106.25441167311595 136.56134152826706 78.0 71.56116265125938 104.35516278555652 96.38464608017192 30.528675044947494 119.60351165413162 96.74709297958259 140.0142849854971 75.28612089887484 68.06614430096654 70.2922470831599 135.14806694880988 68.11754546370561 135.77186748365804 70.11419257183242 73.7563556583431 63.150613615387776 49.72926703662542 106.25441167311595 136.56134152826706 78.0 71.56116265125938 104.35516278555652 96.38464608017192 30.528675044947494 119.60351165413162 96.74709297958259 140.0142849854971 75.28612089887484 68.06614430096654 70.2922470831599 135.14806694880988 68.11754546370561 135.77186748365804 70.11419257183242 73.7563556583431 63.150613615387776 49.72926703662542 106.25441167311595 136.56134152826706 78.0 71.56116265125938 104.35516278555652 96.38464608017192 30.528675044947494 119.60351165413162 96.74709297958259 140.0142849854971 75.28612089887484 68.06614430096654 70.2922470831599 135.14806694880988 68.11754546370561 135.77186748365804 70.11419257183242 73.7563556583431 63.150613615387776 49.72926703662542 106.25441167311595 136.56134152826706 78.0 71.56116265125938 104.35516278555652 96.38464608017192 30.528675044947494 119.60351165413162 96.74709297958259 140.0142849854971 75.28612089887484 68.06614430096654 70.2922470831599 135.14806694880988 68.11754546370561 135.77186748365804 70.11419257183242 73.7563556583431 63.150613615387776 49.72926703662542 106.25441167311595 136.56134152826706 78.0 71.56116265125938 104.35516278555652 96.38464608017192 30.528675044947494 119.60351165413162 96.74709297958259 140.0142849854971 75.28612089887484 68.06614430096654 70.2922470831599 135.14806694880988 68.11754546370561 135.77186748365804 70.11419257183242 73.7563556583431 63.150613615387776 49.72926703662542 106.25441167311595 136.56134152826706 78.0 71.56116265125938 104.35516278555652 96.38464608017192 30.528675044947494 119.60351165413162 96.74709297958259 140.0142849854971 75.28612089887484 68.06614430096654 70.2922470831599 135.14806694880988 68.11754546370561 135.77186748365804 70.11419257183242 73.7563556583431 63.150613615387776 49.72926703662542 106.25441167311595 136.56134152826706 78.0 71.56116265125938 104.35516278555652 96.38464608017192 30.528675044947494 119.60351165413162 96.74709297958259 140.0142849854971 75.28612089887484 68.06614430096654 70.2922470831599 135.14806694880988 68.11754546370561 135.77186748365804 70.11419257183242 73.7563556583431 63.150613615387776 49.72926703662542 106.25441167311595 136.56134152826706 78.0 71.56116265125938 104.35516278555652 96.38464608017192 30.528675044947494 119.60351165413162 96.74709297958259 140.0142849854971 75.28612089887484 68.06614430096654 70.2922470831599 135.14806694880988 68.11754546370561 135.77186748365804 70.11419257183242 73.7563556583431 63.150613615387776 49.72926703662542 106.25441167311595 136.56134152826706 78.0 71.56116265125938 104.35516278555652 96.38464608017192 30.528675044947494 119.60351165413162 96.74709297958259 140.0142849854971 75.28612089887484 68.06614430096654 70.2922470831599 135.14806694880988 68.11754546370561 135.77186748365804 70.11419257183242 73.7563556583431 63.150613615387776 49.72926703662542 106.25441167311595 136.56134152826706 78.0 71.56116265125938 104.35516278555652 96.38464608017192 30.528675044947494 119.60351165413162 96.74709297958259 140.0142849854971 75.28612089887484 68.06614430096654 70.2922470831599 135.14806694880988 68.11754546370561 135.77186748365804 70.11419257183242 73.7563556583431 63.150613615387776 49.72926703662542 106.25441167311595 136.56134152826706 78.0 71.56116265125938 104.35516278555652 96.38464608017192 30.528675044947494 119.60351165413162 96.74709297958259 140.0142849854971 75.28612089887484 68.06614430096654 70.2922470831599 135.14806694880988 68.11754546370561 135.77186748365804 70.11419257183242 73.7563556583431 63.150613615387776 49.72926703662542 106.25441167311595 136.56134152826706 78.0 71.56116265125938 104.35516278555652 96.38464608017192 30.528675044947494 119.60351165413162 96.74709297958259 140.0142849854971 75.28612089887484 68.06614430096654 70.2922470831599 135.14806694880988 68.11754546370561 135.77186748365804 70.11419257183242 73.7563556583431 63.150613615387776 49.72926703662542 106.25441167311595 136.56134152826706 78.0 71.56116265125938 104.35516278555652 96.38464608017192 30.528675044947494 119.60351165413162 96.74709297958259 140.0142849854971 75.28612089887484 68.06614430096654 70.2922470831599 135.14806694880988 68.11754546370561 135.77186748365804 70.11419257183242 73.7563556583431 63.150613615387776 49.72926703662542 106.25441167311595 136.56134152826706 78.0 71.56116265125938 104.35516278555652 96.38464608017192 30.528675044947494 119.60351165413162 96.74709297958259 140.0142849854971 75.28612089887484 68.06614430096654 70.2922470831599 135.14806694880988 68.11754546370561 135.77186748365804 70.11419257183242 73.7563556583431 63.150613615387776 49.72926703662542 106.25441167311595 136.56134152826706 78.0 71.56116265125938 104.35516278555652 96.38464608017192 30.528675044947494 119.60351165413162 96.74709297958259 140.0142849854971 75.28612089887484 68.06614430096654 70.2922470831599 135.14806694880988 68.11754546370561 135.77186748365804 70.11419257183242 73.7563556583431 63.150613615387776 49.72926703662542 106.25441167311595 136.56134152826706 78.0 71.56116265125938 104.35516278555652 96.38464608017192 30.528675044947494 119.60351165413162 96.74709297958259 140.0142849854971 75.28612089887484 68.06614430096654 70.2922470831599 135.14806694880988 68.11754546370561 135.77186748365804 70.11419257183242 73.7563556583431 63.150613615387776 49.72926703662542 106.25441167311595 136.56134152826706 78.0 71.56116265125938 104.35516278555652 96.38464608017192 30.528675044947494 119.60351165413162 96.74709297958259 140.0142849854971 75.28612089887484 68.06614430096654 70.2922470831599 135.14806694880988 68.11754546370561 135.77186748365804 70.11419257183242 73.7563556583431 63.150613615387776 49.72926703662542 106.25441167311595 136.56134152826706 78.0 71.56116265125938 104.35516278555652 96.38464608017192 30.528675044947494 119.60351165413162 96.74709297958259 140.0142849854971 75.28612089887484 68.06614430096654 70.2922470831599 135.14806694880988 68.11754546370561 135.77186748365804 70.11419257183242 73.7563556583431 63.150613615387776 49.72926703662542 106.25441167311595 136.56134152826706 78.0 71.56116265125938 104.35516278555652 96.38464608017192 30.528675044947494 119.60351165413162 96.74709297958259 140.0142849854971 75.28612089887484 68.06614430096654 70.2922470831599 135.14806694880988 68.11754546370561 135.77186748365804 70.11419257183242 73.7563556583431 63.150613615387776 49.72926703662542 106.25441167311595 136.56134152826706 78.0 71.56116265125938 104.35516278555652 96.38464608017192 30.528675044947494 119.60351165413162 96.74709297958259 140.0142849854971 75.28612089887484 68.06614430096654 70.2922470831599 135.14806694880988 68.11754546370561 135.77186748365804 70.11419257183242 73.7563556583431 63.150613615387776 49.72926703662542 106.25441167311595 136.56134152826706 78.0 71.56116265125938 104.35516278555652 96.38464608017192 30.528675044947494 119.60351165413162 96.74709297958259 140.0142849854971 75.28612089887484 68.06614430096654 70.2922470831599 135.14806694880988 68.11754546370561 135.77186748365804 70.11419257183242 73.7563556583431 63.150613615387776 49.72926703662542 106.25441167311595 136.56134152826706 78.0 71.56116265125938 104.35516278555652 96.38464608017192 30.528675044947494 119.60351165413162 96.74709297958259 140.0142849854971 75.28612089887484 68.06614430096654 70.2922470831599 135.14806694880988 68.11754546370561 135.77186748365804 70.11419257183242 73.7563556583431 63.150613615387776 49.72926703662542 106.25441167311595 136.56134152826706 78.0 71.56116265125938 104.35516278555652 96.38464608017192 30.528675044947494 119.60351165413162 96.74709297958259 140.0142849854971 75.28612089887484 68.06614430096654 70.2922470831599 135.14806694880988 68.11754546370561 135.77186748365804 70.11419257183242 73.7563556583431 63.150613615387776 49.72926703662542 106.25441167311595 136.56134152826706 78.0 71.56116265125938 104.35516278555652 96.38464608017192 30.528675044947494 119.60351165413162 96.74709297958259 140.0142849854971 75.28612089887484 68.06614430096654 70.2922470831599 135.14806694880988 68.11754546370561 135.77186748365804 70.11419257183242 73.7563556583431 63.150613615387776 49.72926703662542 106.25441167311595 136.56134152826706 78.0 71.56116265125938 104.35516278555652 96.38464608017192 30.528675044947494 119.60351165413162 96.74709297958259 140.0142849854971 75.28612089887484 68.06614430096654 70.2922470831599 135.14806694880988 68.11754546370561 135.77186748365804 70.11419257183242 73.7563556583431 63.150613615387776 49.72926703662542 106.25441167311595 136.56134152826706 78.0 71.56116265125938 104.35516278555652 96.38464608017192 30.528675044947494 119.60351165413162 96.74709297958259 140.0142849854971 75.28612089887484 68.06614430096654 70.2922470831599 135.14806694880988 68.11754546370561 135.77186748365804 70.11419257183242 73.7563556583431 63.150613615387776 49.72926703662542 106.25441167311595 136.56134152826706 78.0 71.56116265125938 104.35516278555652 96.38464608017192 30.528675044947494 119.60351165413162 96.74709297958259 140.0142849854971 75.28612089887484 68.06614430096654 70.2922470831599 135.14806694880988 68.11754546370561 135.77186748365804 70.11419257183242 73.7563556583431 63.150613615387776 49.72926703662542 106.25441167311595 136.56134152826706 78.0 71.56116265125938 104.35516278555652 96.38464608017192 30.528675044947494 119.60351165413162 96.74709297958259 140.0142849854971 75.28612089887484 68.06614430096654 70.2922470831599 135.14806694880988 68.11754546370561 135.77186748365804 70.11419257183242 73.7563556583431 63.150613615387776 49.72926703662542 106.25441167311595 136.56134152826706 78.0 71.56116265125938 104.35516278555652 96.38464608017192 30.528675044947494 119.60351165413162 96.74709297958259 140.0142849854971 75.28612089887484 68.06614430096654 70.2922470831599 135.14806694880988 68.11754546370561 135.77186748365804 70.11419257183242 73.7563556583431 63.150613615387776 49.72926703662542 106.25441167311595 136.56134152826706 78.0 71.56116265125938 104.35516278555652 96.38464608017192 30.528675044947494 119.60351165413162 96.74709297958259 140.0142849854971 75.28612089887484 68.06614430096654 70.2922470831599 135.14806694880988 68.11754546370561 135.77186748365804 70.11419257183242 73.7563556583431 63.150613615387776 49.72926703662542 106.25441167311595 136.56134152826706 78.0 71.56116265125938 104.35516278555652 96.38464608017192 30.528675044947494 119.60351165413162 96.74709297958259 140.0142849854971 75.28612089887484 68.06614430096654 70.2922470831599 135.14806694880988 68.11754546370561 135.77186748365804 70.11419257183242 73.7563556583431 63.150613615387776 49.72926703662542 106.25441167311595 136.56134152826706 78.0 71.56116265125938 104.35516278555652 96.38464608017192 30.528675044947494 119.60351165413162 96.74709297958259 140.0142849854971 75.28612089887484 68.06614430096654 70.2922470831599 135.14806694880988 68.11754546370561 135.77186748365804 70.11419257183242 73.7563556583431 63.150613615387776 49.72926703662542 106.25441167311595 136.56134152826706 78.0 71.56116265125938 104.35516278555652 96.38464608017192 30.528675044947494 119.60351165413162 96.74709297958259 140.0142849854971 75.28612089887484 68.06614430096654 70.2922470831599 135.14806694880988 68.11754546370561 135.77186748365804 70.11419257183242 73.7563556583431 63.150613615387776 49.72926703662542 106.25441167311595 136.56134152826706 78.0 71.56116265125938 104.35516278555652 96.38464608017192 30.528675044947494 119.60351165413162 96.74709297958259 140.0142849854971 75.28612089887484 68.06614430096654 70.2922470831599 135.14806694880988 68.11754546370561 135.77186748365804 70.11419257183242 73.7563556583431 63.150613615387776 49.72926703662542 106.25441167311595 136.56134152826706 78.0 71.56116265125938 104.35516278555652 96.38464608017192 30.528675044947494 119.60351165413162 96.74709297958259 140.0142849854971 75.28612089887484 68.06614430096654 70.2922470831599 135.14806694880988 68.11754546370561 135.77186748365804 70.11419257183242 73.7563556583431 63.150613615387776 49.72926703662542 106.25441167311595 136.56134152826706 78.0 71.56116265125938 104.35516278555652 96.38464608017192 30.528675044947494 119.60351165413162 96.74709297958259 140.0142849854971 75.28612089887484 68.06614430096654 70.2922470831599 135.14806694880988 68.11754546370561 135.77186748365804 70.11419257183242 73.7563556583431 63.150613615387776 49.72926703662542 106.25441167311595 136.56134152826706 78.0 71.56116265125938 104.35516278555652 96.38464608017192 30.528675044947494 119.60351165413162 96.74709297958259 140.0142849854971 75.28612089887484 68.06614430096654 70.2922470831599 135.14806694880988 68.11754546370561 135.77186748365804 70.11419257183242 73.7563556583431 63.150613615387776 49.72926703662542 106.25441167311595 136.56134152826706 78.0 71.56116265125938 104.35516278555652 96.38464608017192 30.528675044947494 119.60351165413162 96.74709297958259 140.0142849854971 75.28612089887484 68.06614430096654 70.2922470831599 135.14806694880988 68.11754546370561 135.77186748365804 70.11419257183242 73.7563556583431 63.150613615387776 49.72926703662542 106.25441167311595 136.56134152826706 78.0 71.56116265125938 104.35516278555652 96.38464608017192 30.528675044947494 119.60351165413162 96.74709297958259 140.0142849854971 75.28612089887484 68.06614430096654 70.2922470831599 135.14806694880988 68.11754546370561 135.77186748365804 70.11419257183242 73.7563556583431 63.150613615387776 49.72926703662542 106.25441167311595 136.56134152826706 78.0 71.56116265125938 104.35516278555652 96.38464608017192 30.528675044947494 119.60351165413162 96.74709297958259 140.0142849854971 75.28612089887484 68.06614430096654 70.2922470831599 135.14806694880988 68.11754546370561 135.77186748365804 70.11419257183242 73.7563556583431 63.150613615387776 49.72926703662542 106.25441167311595 136.56134152826706 78.0 71.56116265125938 104.35516278555652 96.38464608017192 30.528675044947494 119.60351165413162 96.74709297958259 140.0142849854971 75.28612089887484 68.06614430096654 70.2922470831599 135.14806694880988 68.11754546370561 135.77186748365804 70.11419257183242 73.7563556583431 63.150613615387776 49.72926703662542 106.25441167311595 136.56134152826706 78.0 71.56116265125938 104.35516278555652 96.38464608017192 30.528675044947494 119.60351165413162 96.74709297958259 140.0142849854971 75.28612089887484 68.06614430096654 70.2922470831599 135.14806694880988 68.11754546370561 135.77186748365804 70.11419257183242 73.7563556583431 63.150613615387776 49.72926703662542 106.25441167311595 136.56134152826706 78.0 71.56116265125938 104.35516278555652 96.38464608017192 30.528675044947494 119.60351165413162 96.74709297958259 140.0142849854971 75.28612089887484 68.06614430096654 70.2922470831599 135.14806694880988 68.11754546370561 135.77186748365804 70.11419257183242 73.7563556583431 63.150613615387776 49.72926703662542 106.25441167311595 136.56134152826706 78.0 71.56116265125938 104.35516278555652 96.38464608017192 30.528675044947494 119.60351165413162 96.74709297958259 140.0142849854971 75.28612089887484 68.06614430096654 70.2922470831599 135.14806694880988 68.11754546370561 135.77186748365804 70.11419257183242 73.7563556583431 63.150613615387776 49.72926703662542 106.25441167311595 136.56134152826706 78.0 71.56116265125938 104.35516278555652 96.38464608017192 30.528675044947494 119.60351165413162 96.74709297958259 140.0142849854971 75.28612089887484 68.06614430096654 70.2922470831599 135.14806694880988 68.11754546370561 135.77186748365804 70.11419257183242 73.7563556583431 63.150613615387776 49.72926703662542 106.25441167311595 136.56134152826706 78.0 71.56116265125938 104.35516278555652 96.38464608017192 30.528675044947494 119.60351165413162 96.74709297958259 140.0142849854971 75.28612089887484 68.06614430096654 70.2922470831599 135.14806694880988 68.11754546370561 135.77186748365804 70.11419257183242 73.7563556583431 63.150613615387776 49.72926703662542 106.25441167311595 136.56134152826706 78.0 71.56116265125938 104.35516278555652 96.38464608017192 30.528675044947494 119.60351165413162 96.74709297958259 140.0142849854971 75.28612089887484 68.06614430096654 70.2922470831599 135.14806694880988 68.11754546370561 135.77186748365804 70.11419257183242 73.7563556583431 63.150613615387776 49.72926703662542 106.25441167311595 136.56134152826706 78.0 71.56116265125938 104.35516278555652 96.38464608017192 30.528675044947494 119.60351165413162 96.74709297958259 140.0142849854971 75.28612089887484 68.06614430096654 70.2922470831599 135.14806694880988 68.11754546370561 135.77186748365804 70.11419257183242 73.7563556583431 63.150613615387776 49.72926703662542 106.25441167311595 136.56134152826706 78.0 71.56116265125938 104.35516278555652 96.38464608017192 30.528675044947494 119.60351165413162 96.74709297958259 140.0142849854971 75.28612089887484 68.06614430096654 70.2922470831599 135.14806694880988 68.11754546370561 135.77186748365804 70.11419257183242 73.7563556583431 63.150613615387776 49.72926703662542 106.25441167311595 136.56134152826706 78.0 71.56116265125938 104.35516278555652 96.38464608017192 30.528675044947494 119.60351165413162 96.74709297958259 140.0142849854971 75.28612089887484 68.06614430096654 70.2922470831599 135.14806694880988 68.11754546370561 135.77186748365804 70.11419257183242 73.7563556583431 63.150613615387776 49.72926703662542 106.25441167311595 136.56134152826706 78.0 71.56116265125938 104.35516278555652 96.38464608017192 30.528675044947494 119.60351165413162 96.74709297958259 140.0142849854971 75.28612089887484 68.06614430096654 70.2922470831599 135.14806694880988 68.11754546370561 135.77186748365804 70.11419257183242 73.7563556583431 63.150613615387776 49.72926703662542 106.25441167311595 136.56134152826706 78.0 71.56116265125938 104.35516278555652 96.38464608017192 30.528675044947494 119.60351165413162 96.74709297958259 140.0142849854971 75.28612089887484 68.06614430096654 70.2922470831599 135.14806694880988 68.11754546370561 135.77186748365804 70.11419257183242 73.7563556583431 63.150613615387776 49.72926703662542 106.25441167311595 136.56134152826706 78.0 71.56116265125938 104.35516278555652 96.38464608017192 30.528675044947494 119.60351165413162 96.74709297958259 140.0142849854971 75.28612089887484 68.06614430096654 70.2922470831599 135.14806694880988 68.11754546370561 135.77186748365804 70.11419257183242 73.7563556583431 63.150613615387776 49.72926703662542 106.25441167311595 136.56134152826706 78.0 71.56116265125938 104.35516278555652 96.38464608017192 30.528675044947494 119.60351165413162 96.74709297958259 140.0142849854971 75.28612089887484 68.06614430096654 70.2922470831599 135.14806694880988 68.11754546370561 135.77186748365804 70.11419257183242 73.7563556583431 63.150613615387776 49.72926703662542 106.25441167311595 136.56134152826706 78.0 71.56116265125938 104.35516278555652 96.38464608017192 30.528675044947494 119.60351165413162 96.74709297958259 140.0142849854971 75.28612089887484 68.06614430096654 70.2922470831599 135.14806694880988 68.11754546370561 135.77186748365804 70.11419257183242 73.7563556583431 63.150613615387776 49.72926703662542 106.25441167311595 136.56134152826706 78.0 71.56116265125938 104.35516278555652 96.38464608017192 30.528675044947494 119.60351165413162 96.74709297958259 140.0142849854971 75.28612089887484 68.06614430096654 70.2922470831599 135.14806694880988 68.11754546370561 135.77186748365804 70.11419257183242 73.7563556583431 63.150613615387776
taskDisMat  0.0 75.13321502504735 97.94896630388705 32.69556544854363 28.635642126552707 87.29833904490967 47.50789408087881 22.20360331117452 78.89233169326408 71.0 99.64436762808022 45.0 22.360679774997898 41.10960958218893 96.60227740586657 21.93171219946131 96.25487000666512 23.769728648009426 35.90264614203248 14.035668847618199 75.13321502504735 0.0 34.539832078341085 88.64536084872124 48.010415536631214 30.463092423455635 57.30619512757761 79.1580697086532 27.65863337187866 13.341664064126334 40.52159917870962 31.78049716414141 84.29116205154607 36.6742416417845 33.24154027718932 83.2946576918352 35.4400902933387 83.48652585896721 39.319206502675 75.0066663703967 97.94896630388705 34.539832078341085 0.0 101.11874208078342 69.35416353759881 60.00833275470999 63.12685640834652 107.44766167767449 19.6468827043885 47.75981574503821 7.280109889280518 61.554853586049575 100.16985574512923 66.48308055437865 1.4142135623730951 99.20181449953424 3.605551275463989 98.71676655968832 63.8200595424354 93.30058949438637 32.69556544854363 88.64536084872124 101.11874208078342 0.0 42.95346318982906 108.74741376235114 38.600518131237564 54.405882034941776 81.61494961096282 89.19641248391103 100.43903623591775 65.29931086925804 10.44030650891055 63.28506932918696 99.98499887483122 10.770329614269007 98.47842403288143 8.94427190999916 52.80151512977634 20.0 28.635642126552707 48.010415536631214 69.35416353759881 42.95346318982906 0.0 65.79513659838392 29.068883707497267 41.048751503547585 50.47771785649585 46.57252408878007 71.28113354878694 22.47220505424423 36.87817782917155 21.213203435596427 68.0 35.90264614203248 67.7421582177598 36.40054944640259 9.848857801796104 27.073972741361768 87.29833904490967 30.463092423455635 60.00833275470999 108.74741376235114 65.79513659838392 0.0 83.54639429682169 83.2946576918352 57.87054518492115 21.213203435596427 67.00746227100382 43.657759905886145 102.18121158021175 46.57252408878007 59.0 101.24228365658294 62.03224967708329 101.95096860746347 55.94640292279746 91.706052144883 47.50789408087881 57.30619512757761 63.12685640834652 38.600518131237564 29.068883707497267 83.54639429682169 0.0 66.40783086353596 44.01136216933077 62.369864518050704 61.98386886924694 46.06517122512408 39.96248240537617 47.16990566028302 62.07253821135398 39.11521443121589 60.29925372672534 38.07886552931954 34.785054261852174 36.796738985948195 22.20360331117452 79.1580697086532 107.44766167767449 54.405882034941776 41.048751503547585 83.2946576918352 66.40783086353596 0.0 89.8276126811795 71.47027354082255 110.45361017187261 47.41307836451879 43.965895873961216 42.485291572496 106.04244433244644 43.68065933568311 106.4048871058092 45.60701700396552 43.86342439892262 36.22154055254967 78.89233169326408 27.65863337187866 19.6468827043885 81.61494961096282 50.47771785649585 57.87054518492115 44.01136216933077 89.8276126811795 0.0 40.11234224026316 20.808652046684813 46.14108798023731 80.52328855678958 50.774009099144415 18.439088914585774 79.55501241279521 17.46424919657298 79.07591289387686 45.967379738244816 73.7360156233031 71.0 13.341664064126334 47.75981574503821 89.19641248391103 46.57252408878007 21.213203435596427 62.369864518050704 71.47027354082255 40.11234224026316 0.0 53.85164807134504 26.0 83.43260753446461 30.14962686336267 46.486557196677836 82.46211251235322 48.76474136094644 82.96987405076617 36.87817782917155 73.348483283569 99.64436762808022 40.52159917870962 7.280109889280518 100.43903623591775 71.28113354878694 67.00746227100382 61.98386886924694 110.45361017187261 20.808652046684813 53.85164807134504 0.0 65.60487786742691 100.24470060806208 70.43436661176133 8.06225774829855 99.29753269845128 5.0990195135927845 98.67117106835208 66.60330322138685 94.02127418834527 45.0 31.78049716414141 61.554853586049575 65.29931086925804 22.47220505424423 43.657759905886145 46.06517122512408 47.41307836451879 46.14108798023731 26.0 65.60487786742691 0.0 58.52349955359813 5.0 60.14149981501958 57.584720195551874 61.07372593840988 58.309518948453004 12.806248474865697 48.08326112068523 22.360679774997898 84.29116205154607 100.16985574512923 10.44030650891055 36.87817782917155 102.18121158021175 39.96248240537617 43.965895873961216 80.52328855678958 83.43260753446461 100.24470060806208 58.52349955359813 0.0 55.94640292279746 98.95453501482385 1.0 97.8008179924892 2.23606797749979 46.57252408878007 10.816653826391969 41.10960958218893 36.6742416417845 66.48308055437865 63.28506932918696 21.213203435596427 46.57252408878007 47.16990566028302 42.485291572496 50.774009099144415 30.14962686336267 70.43436661176133 5.0 55.94640292279746 0.0 65.06919393998976 55.036351623268054 65.94694837519019 55.90169943749474 12.529964086141668 45.31004303683677 96.60227740586657 33.24154027718932 1.4142135623730951 99.98499887483122 68.0 59.0 62.07253821135398 106.04244433244644 18.439088914585774 46.486557196677836 8.06225774829855 60.14149981501958 98.95453501482385 65.06919393998976 0.0 97.98469268207153 3.605551275463989 97.51410154434076 62.42595614005443 92.02716990106781 21.93171219946131 83.2946576918352 99.20181449953424 10.770329614269007 35.90264614203248 101.24228365658294 39.11521443121589 43.68065933568311 79.55501241279521 82.46211251235322 99.29753269845128 57.584720195551874 1.0 55.036351623268054 97.98469268207153 0.0 96.84007434941384 2.0 45.60701700396552 10.0 96.25487000666512 35.4400902933387 3.605551275463989 98.47842403288143 67.7421582177598 62.03224967708329 60.29925372672534 106.4048871058092 17.46424919657298 48.76474136094644 5.0990195135927845 61.07372593840988 97.8008179924892 65.94694837519019 3.605551275463989 96.84007434941384 0.0 96.30160954002794 62.625873247404705 91.18113840043894 23.769728648009426 83.48652585896721 98.71676655968832 8.94427190999916 36.40054944640259 101.95096860746347 38.07886552931954 45.60701700396552 79.07591289387686 82.96987405076617 98.67117106835208 58.309518948453004 2.23606797749979 55.90169943749474 97.51410154434076 2.0 96.30160954002794 0.0 46.17358552246078 11.313708498984761 35.90264614203248 39.319206502675 63.8200595424354 52.80151512977634 9.848857801796104 55.94640292279746 34.785054261852174 43.86342439892262 45.967379738244816 36.87817782917155 66.60330322138685 12.806248474865697 46.57252408878007 12.529964086141668 62.42595614005443 45.60701700396552 62.625873247404705 46.17358552246078 0.0 36.49657518178932 14.035668847618199 75.0066663703967 93.30058949438637 20.0 27.073972741361768 91.706052144883 36.796738985948195 36.22154055254967 73.7360156233031 73.348483283569 94.02127418834527 48.08326112068523 10.816653826391969 45.31004303683677 92.02716990106781 10.0 91.18113840043894 11.313708498984761 36.49657518178932 0.0

rob_x  0.0 0.0 0.0 0.0 0.0 0.0 0.0 0.0 0.0 0.0 0.0 0.0 0.0 0.0 0.0 0.0 0.0 0.0 0.0 0.0 0.0 0.0 0.0 0.0 0.0 0.0 0.0 0.0 0.0 0.0 0.0 0.0 0.0 0.0 0.0 0.0 0.0 0.0 0.0 0.0 0.0 0.0 0.0 0.0 0.0 0.0 0.0 0.0 0.0 0.0 0.0 0.0 0.0 0.0 0.0 0.0 0.0 0.0 0.0 0.0 0.0 0.0 0.0 0.0 0.0 0.0 0.0 0.0 0.0 0.0 0.0 0.0 0.0 0.0 0.0 0.0 0.0 0.0 0.0 0.0
rob_y  0.0 0.0 0.0 0.0 0.0 0.0 0.0 0.0 0.0 0.0 0.0 0.0 0.0 0.0 0.0 0.0 0.0 0.0 0.0 0.0 0.0 0.0 0.0 0.0 0.0 0.0 0.0 0.0 0.0 0.0 0.0 0.0 0.0 0.0 0.0 0.0 0.0 0.0 0.0 0.0 0.0 0.0 0.0 0.0 0.0 0.0 0.0 0.0 0.0 0.0 0.0 0.0 0.0 0.0 0.0 0.0 0.0 0.0 0.0 0.0 0.0 0.0 0.0 0.0 0.0 0.0 0.0 0.0 0.0 0.0 0.0 0.0 0.0 0.0 0.0 0.0 0.0 0.0 0.0 0.0
rob_vel  1.0 1.0 1.0 1.0 1.0 1.0 1.0 1.0 1.0 1.0 1.0 1.0 1.0 1.0 1.0 1.0 1.0 1.0 1.0 1.0 1.0 1.0 1.0 1.0 1.0 1.0 1.0 1.0 1.0 1.0 1.0 1.0 1.0 1.0 1.0 1.0 1.0 1.0 1.0 1.0 1.0 1.0 1.0 1.0 1.0 1.0 1.0 1.0 1.0 1.0 1.0 1.0 1.0 1.0 1.0 1.0 1.0 1.0 1.0 1.0 1.0 1.0 1.0 1.0 1.0 1.0 1.0 1.0 1.0 1.0 1.0 1.0 1.0 1.0 1.0 1.0 1.0 1.0 1.0 1.0
rob_abi  0.02415615374747626 0.03505524836431169 0.02413896411629939 0.0336535276884386 0.02113956275114871 0.03408988998747783 0.037091982419154415 0.02977212999954556 0.031138692824198573 0.041329812998235786 0.02043924336233739 0.02604507612503169 0.028060186867977368 0.04430931785660404 0.043550494863532574 0.028499245124751743 0.03939781679195911 0.04174607551728246 0.035056804647623174 0.02064965148993398 0.03204321215570948 0.022936372165063137 0.029667291180516468 0.0385927788847974 0.04087207586057512 0.03718478506681979 0.04662145073280413 0.0227453420931851 0.034950656860268325 0.03031225493304963 0.04621337995216469 0.021310509485296295 0.025088468578952344 0.038514127012267294 0.04419050381542217 0.023518784319257885 0.0358935127344226 0.04258973727777154 0.026015564090438092 0.035999308858107607 0.026837967976690844 0.02651950711526077 0.03511120446463318 0.046946089719992146 0.04521115732849688 0.033059165686403255 0.03843579801947547 0.02857738761106357 0.04436917563858335 0.02208669018509031 0.037880308091235056 0.021705647766537373 0.04974981450030818 0.032956076400932344 0.04895276485733843 0.04530374448178989 0.032657403223928134 0.045215327101000166 0.02203688454298573 0.02644356945927448 0.040368807695965514 0.047929884412155885 0.049431798791216314 0.042722635290639716 0.04860097650790442 0.032436110903646675 0.048221932430932625 0.03534919274840607 0.024446355772852327 0.025366962728467436 0.026779722771672627 0.044292912321320654 0.021780356324956385 0.02201020208023423 0.03339362866920512 0.0444247454146237 0.026571739597106236 0.024649697994649333 0.046741869743069986 0.04113802467009854

task_x  48.0 61.0 93.0 78.0 60.0 33.0 89.0 26.0 88.0 48.0 100.0 48.0 68.0 45.0 92.0 68.0 95.0 70.0 56.0 62.0
task_y  13.0 87.0 100.0 0.0 39.0 99.0 37.0 16.0 81.0 84.0 98.0 58.0 3.0 54.0 99.0 4.0 97.0 4.0 48.0 12.0
task_rate  0.05983572024765216 0.07424856982505235 0.10749419787223716 0.06777811906968635 0.08584879391404378 0.11431786190155009 0.10947470935770093 0.13938253344941703 0.09332041919255943 0.10536441130326073 0.09218436169414423 0.12548738570796347 0.11256813585705415 0.1445349774276954 0.06414797561300516 0.06272035841692294 0.07924793317067226 0.11162549959871845 0.11385279900981402 0.07015665143595215
task_init_demand  2.3025850929940455 2.3025850929940455 2.3025850929940455 2.3025850929940455 2.3025850929940455 2.3025850929940455 2.3025850929940455 2.3025850929940455 2.3025850929940455 2.3025850929940455 2.3025850929940455 2.3025850929940455 2.3025850929940455 2.3025850929940455 2.3025850929940455 2.3025850929940455 2.3025850929940455 2.3025850929940455 2.3025850929940455 2.3025850929940455
