time 2020-10-30 16:54:58
robNum  30
taskNum  30
comp_threshold  0
rob2taskDisMat  50.695167422546305 74.52516353554684 72.02777242147643 50.21951811795888 68.54195795277518 86.6083136886985 52.15361924162119 91.43850392476902 46.647615158762406 16.0312195418814 84.8528137423857 63.631753079732135 103.07764064044152 54.3415126767741 90.27181176868004 75.66372975210778 100.60318086422517 54.3323108288245 47.92702786528704 102.1077861869505 58.855755878248644 48.08326112068523 107.48953437428223 93.91485505499116 28.635642126552707 86.76981041814025 28.284271247461902 106.62082348209472 27.85677655436824 101.95096860746347 50.695167422546305 74.52516353554684 72.02777242147643 50.21951811795888 68.54195795277518 86.6083136886985 52.15361924162119 91.43850392476902 46.647615158762406 16.0312195418814 84.8528137423857 63.631753079732135 103.07764064044152 54.3415126767741 90.27181176868004 75.66372975210778 100.60318086422517 54.3323108288245 47.92702786528704 102.1077861869505 58.855755878248644 48.08326112068523 107.48953437428223 93.91485505499116 28.635642126552707 86.76981041814025 28.284271247461902 106.62082348209472 27.85677655436824 101.95096860746347 50.695167422546305 74.52516353554684 72.02777242147643 50.21951811795888 68.54195795277518 86.6083136886985 52.15361924162119 91.43850392476902 46.647615158762406 16.0312195418814 84.8528137423857 63.631753079732135 103.07764064044152 54.3415126767741 90.27181176868004 75.66372975210778 100.60318086422517 54.3323108288245 47.92702786528704 102.1077861869505 58.855755878248644 48.08326112068523 107.48953437428223 93.91485505499116 28.635642126552707 86.76981041814025 28.284271247461902 106.62082348209472 27.85677655436824 101.95096860746347 50.695167422546305 74.52516353554684 72.02777242147643 50.21951811795888 68.54195795277518 86.6083136886985 52.15361924162119 91.43850392476902 46.647615158762406 16.0312195418814 84.8528137423857 63.631753079732135 103.07764064044152 54.3415126767741 90.27181176868004 75.66372975210778 100.60318086422517 54.3323108288245 47.92702786528704 102.1077861869505 58.855755878248644 48.08326112068523 107.48953437428223 93.91485505499116 28.635642126552707 86.76981041814025 28.284271247461902 106.62082348209472 27.85677655436824 101.95096860746347 50.695167422546305 74.52516353554684 72.02777242147643 50.21951811795888 68.54195795277518 86.6083136886985 52.15361924162119 91.43850392476902 46.647615158762406 16.0312195418814 84.8528137423857 63.631753079732135 103.07764064044152 54.3415126767741 90.27181176868004 75.66372975210778 100.60318086422517 54.3323108288245 47.92702786528704 102.1077861869505 58.855755878248644 48.08326112068523 107.48953437428223 93.91485505499116 28.635642126552707 86.76981041814025 28.284271247461902 106.62082348209472 27.85677655436824 101.95096860746347 50.695167422546305 74.52516353554684 72.02777242147643 50.21951811795888 68.54195795277518 86.6083136886985 52.15361924162119 91.43850392476902 46.647615158762406 16.0312195418814 84.8528137423857 63.631753079732135 103.07764064044152 54.3415126767741 90.27181176868004 75.66372975210778 100.60318086422517 54.3323108288245 47.92702786528704 102.1077861869505 58.855755878248644 48.08326112068523 107.48953437428223 93.91485505499116 28.635642126552707 86.76981041814025 28.284271247461902 106.62082348209472 27.85677655436824 101.95096860746347 50.695167422546305 74.52516353554684 72.02777242147643 50.21951811795888 68.54195795277518 86.6083136886985 52.15361924162119 91.43850392476902 46.647615158762406 16.0312195418814 84.8528137423857 63.631753079732135 103.07764064044152 54.3415126767741 90.27181176868004 75.66372975210778 100.60318086422517 54.3323108288245 47.92702786528704 102.1077861869505 58.855755878248644 48.08326112068523 107.48953437428223 93.91485505499116 28.635642126552707 86.76981041814025 28.284271247461902 106.62082348209472 27.85677655436824 101.95096860746347 50.695167422546305 74.52516353554684 72.02777242147643 50.21951811795888 68.54195795277518 86.6083136886985 52.15361924162119 91.43850392476902 46.647615158762406 16.0312195418814 84.8528137423857 63.631753079732135 103.07764064044152 54.3415126767741 90.27181176868004 75.66372975210778 100.60318086422517 54.3323108288245 47.92702786528704 102.1077861869505 58.855755878248644 48.08326112068523 107.48953437428223 93.91485505499116 28.635642126552707 86.76981041814025 28.284271247461902 106.62082348209472 27.85677655436824 101.95096860746347 50.695167422546305 74.52516353554684 72.02777242147643 50.21951811795888 68.54195795277518 86.6083136886985 52.15361924162119 91.43850392476902 46.647615158762406 16.0312195418814 84.8528137423857 63.631753079732135 103.07764064044152 54.3415126767741 90.27181176868004 75.66372975210778 100.60318086422517 54.3323108288245 47.92702786528704 102.1077861869505 58.855755878248644 48.08326112068523 107.48953437428223 93.91485505499116 28.635642126552707 86.76981041814025 28.284271247461902 106.62082348209472 27.85677655436824 101.95096860746347 50.695167422546305 74.52516353554684 72.02777242147643 50.21951811795888 68.54195795277518 86.6083136886985 52.15361924162119 91.43850392476902 46.647615158762406 16.0312195418814 84.8528137423857 63.631753079732135 103.07764064044152 54.3415126767741 90.27181176868004 75.66372975210778 100.60318086422517 54.3323108288245 47.92702786528704 102.1077861869505 58.855755878248644 48.08326112068523 107.48953437428223 93.91485505499116 28.635642126552707 86.76981041814025 28.284271247461902 106.62082348209472 27.85677655436824 101.95096860746347 50.695167422546305 74.52516353554684 72.02777242147643 50.21951811795888 68.54195795277518 86.6083136886985 52.15361924162119 91.43850392476902 46.647615158762406 16.0312195418814 84.8528137423857 63.631753079732135 103.07764064044152 54.3415126767741 90.27181176868004 75.66372975210778 100.60318086422517 54.3323108288245 47.92702786528704 102.1077861869505 58.855755878248644 48.08326112068523 107.48953437428223 93.91485505499116 28.635642126552707 86.76981041814025 28.284271247461902 106.62082348209472 27.85677655436824 101.95096860746347 50.695167422546305 74.52516353554684 72.02777242147643 50.21951811795888 68.54195795277518 86.6083136886985 52.15361924162119 91.43850392476902 46.647615158762406 16.0312195418814 84.8528137423857 63.631753079732135 103.07764064044152 54.3415126767741 90.27181176868004 75.66372975210778 100.60318086422517 54.3323108288245 47.92702786528704 102.1077861869505 58.855755878248644 48.08326112068523 107.48953437428223 93.91485505499116 28.635642126552707 86.76981041814025 28.284271247461902 106.62082348209472 27.85677655436824 101.95096860746347 50.695167422546305 74.52516353554684 72.02777242147643 50.21951811795888 68.54195795277518 86.6083136886985 52.15361924162119 91.43850392476902 46.647615158762406 16.0312195418814 84.8528137423857 63.631753079732135 103.07764064044152 54.3415126767741 90.27181176868004 75.66372975210778 100.60318086422517 54.3323108288245 47.92702786528704 102.1077861869505 58.855755878248644 48.08326112068523 107.48953437428223 93.91485505499116 28.635642126552707 86.76981041814025 28.284271247461902 106.62082348209472 27.85677655436824 101.95096860746347 50.695167422546305 74.52516353554684 72.02777242147643 50.21951811795888 68.54195795277518 86.6083136886985 52.15361924162119 91.43850392476902 46.647615158762406 16.0312195418814 84.8528137423857 63.631753079732135 103.07764064044152 54.3415126767741 90.27181176868004 75.66372975210778 100.60318086422517 54.3323108288245 47.92702786528704 102.1077861869505 58.855755878248644 48.08326112068523 107.48953437428223 93.91485505499116 28.635642126552707 86.76981041814025 28.284271247461902 106.62082348209472 27.85677655436824 101.95096860746347 50.695167422546305 74.52516353554684 72.02777242147643 50.21951811795888 68.54195795277518 86.6083136886985 52.15361924162119 91.43850392476902 46.647615158762406 16.0312195418814 84.8528137423857 63.631753079732135 103.07764064044152 54.3415126767741 90.27181176868004 75.66372975210778 100.60318086422517 54.3323108288245 47.92702786528704 102.1077861869505 58.855755878248644 48.08326112068523 107.48953437428223 93.91485505499116 28.635642126552707 86.76981041814025 28.284271247461902 106.62082348209472 27.85677655436824 101.95096860746347 50.695167422546305 74.52516353554684 72.02777242147643 50.21951811795888 68.54195795277518 86.6083136886985 52.15361924162119 91.43850392476902 46.647615158762406 16.0312195418814 84.8528137423857 63.631753079732135 103.07764064044152 54.3415126767741 90.27181176868004 75.66372975210778 100.60318086422517 54.3323108288245 47.92702786528704 102.1077861869505 58.855755878248644 48.08326112068523 107.48953437428223 93.91485505499116 28.635642126552707 86.76981041814025 28.284271247461902 106.62082348209472 27.85677655436824 101.95096860746347 50.695167422546305 74.52516353554684 72.02777242147643 50.21951811795888 68.54195795277518 86.6083136886985 52.15361924162119 91.43850392476902 46.647615158762406 16.0312195418814 84.8528137423857 63.631753079732135 103.07764064044152 54.3415126767741 90.27181176868004 75.66372975210778 100.60318086422517 54.3323108288245 47.92702786528704 102.1077861869505 58.855755878248644 48.08326112068523 107.48953437428223 93.91485505499116 28.635642126552707 86.76981041814025 28.284271247461902 106.62082348209472 27.85677655436824 101.95096860746347 50.695167422546305 74.52516353554684 72.02777242147643 50.21951811795888 68.54195795277518 86.6083136886985 52.15361924162119 91.43850392476902 46.647615158762406 16.0312195418814 84.8528137423857 63.631753079732135 103.07764064044152 54.3415126767741 90.27181176868004 75.66372975210778 100.60318086422517 54.3323108288245 47.92702786528704 102.1077861869505 58.855755878248644 48.08326112068523 107.48953437428223 93.91485505499116 28.635642126552707 86.76981041814025 28.284271247461902 106.62082348209472 27.85677655436824 101.95096860746347 50.695167422546305 74.52516353554684 72.02777242147643 50.21951811795888 68.54195795277518 86.6083136886985 52.15361924162119 91.43850392476902 46.647615158762406 16.0312195418814 84.8528137423857 63.631753079732135 103.07764064044152 54.3415126767741 90.27181176868004 75.66372975210778 100.60318086422517 54.3323108288245 47.92702786528704 102.1077861869505 58.855755878248644 48.08326112068523 107.48953437428223 93.91485505499116 28.635642126552707 86.76981041814025 28.284271247461902 106.62082348209472 27.85677655436824 101.95096860746347 50.695167422546305 74.52516353554684 72.02777242147643 50.21951811795888 68.54195795277518 86.6083136886985 52.15361924162119 91.43850392476902 46.647615158762406 16.0312195418814 84.8528137423857 63.631753079732135 103.07764064044152 54.3415126767741 90.27181176868004 75.66372975210778 100.60318086422517 54.3323108288245 47.92702786528704 102.1077861869505 58.855755878248644 48.08326112068523 107.48953437428223 93.91485505499116 28.635642126552707 86.76981041814025 28.284271247461902 106.62082348209472 27.85677655436824 101.95096860746347 50.695167422546305 74.52516353554684 72.02777242147643 50.21951811795888 68.54195795277518 86.6083136886985 52.15361924162119 91.43850392476902 46.647615158762406 16.0312195418814 84.8528137423857 63.631753079732135 103.07764064044152 54.3415126767741 90.27181176868004 75.66372975210778 100.60318086422517 54.3323108288245 47.92702786528704 102.1077861869505 58.855755878248644 48.08326112068523 107.48953437428223 93.91485505499116 28.635642126552707 86.76981041814025 28.284271247461902 106.62082348209472 27.85677655436824 101.95096860746347 50.695167422546305 74.52516353554684 72.02777242147643 50.21951811795888 68.54195795277518 86.6083136886985 52.15361924162119 91.43850392476902 46.647615158762406 16.0312195418814 84.8528137423857 63.631753079732135 103.07764064044152 54.3415126767741 90.27181176868004 75.66372975210778 100.60318086422517 54.3323108288245 47.92702786528704 102.1077861869505 58.855755878248644 48.08326112068523 107.48953437428223 93.91485505499116 28.635642126552707 86.76981041814025 28.284271247461902 106.62082348209472 27.85677655436824 101.95096860746347 50.695167422546305 74.52516353554684 72.02777242147643 50.21951811795888 68.54195795277518 86.6083136886985 52.15361924162119 91.43850392476902 46.647615158762406 16.0312195418814 84.8528137423857 63.631753079732135 103.07764064044152 54.3415126767741 90.27181176868004 75.66372975210778 100.60318086422517 54.3323108288245 47.92702786528704 102.1077861869505 58.855755878248644 48.08326112068523 107.48953437428223 93.91485505499116 28.635642126552707 86.76981041814025 28.284271247461902 106.62082348209472 27.85677655436824 101.95096860746347 50.695167422546305 74.52516353554684 72.02777242147643 50.21951811795888 68.54195795277518 86.6083136886985 52.15361924162119 91.43850392476902 46.647615158762406 16.0312195418814 84.8528137423857 63.631753079732135 103.07764064044152 54.3415126767741 90.27181176868004 75.66372975210778 100.60318086422517 54.3323108288245 47.92702786528704 102.1077861869505 58.855755878248644 48.08326112068523 107.48953437428223 93.91485505499116 28.635642126552707 86.76981041814025 28.284271247461902 106.62082348209472 27.85677655436824 101.95096860746347 50.695167422546305 74.52516353554684 72.02777242147643 50.21951811795888 68.54195795277518 86.6083136886985 52.15361924162119 91.43850392476902 46.647615158762406 16.0312195418814 84.8528137423857 63.631753079732135 103.07764064044152 54.3415126767741 90.27181176868004 75.66372975210778 100.60318086422517 54.3323108288245 47.92702786528704 102.1077861869505 58.855755878248644 48.08326112068523 107.48953437428223 93.91485505499116 28.635642126552707 86.76981041814025 28.284271247461902 106.62082348209472 27.85677655436824 101.95096860746347 50.695167422546305 74.52516353554684 72.02777242147643 50.21951811795888 68.54195795277518 86.6083136886985 52.15361924162119 91.43850392476902 46.647615158762406 16.0312195418814 84.8528137423857 63.631753079732135 103.07764064044152 54.3415126767741 90.27181176868004 75.66372975210778 100.60318086422517 54.3323108288245 47.92702786528704 102.1077861869505 58.855755878248644 48.08326112068523 107.48953437428223 93.91485505499116 28.635642126552707 86.76981041814025 28.284271247461902 106.62082348209472 27.85677655436824 101.95096860746347 50.695167422546305 74.52516353554684 72.02777242147643 50.21951811795888 68.54195795277518 86.6083136886985 52.15361924162119 91.43850392476902 46.647615158762406 16.0312195418814 84.8528137423857 63.631753079732135 103.07764064044152 54.3415126767741 90.27181176868004 75.66372975210778 100.60318086422517 54.3323108288245 47.92702786528704 102.1077861869505 58.855755878248644 48.08326112068523 107.48953437428223 93.91485505499116 28.635642126552707 86.76981041814025 28.284271247461902 106.62082348209472 27.85677655436824 101.95096860746347 50.695167422546305 74.52516353554684 72.02777242147643 50.21951811795888 68.54195795277518 86.6083136886985 52.15361924162119 91.43850392476902 46.647615158762406 16.0312195418814 84.8528137423857 63.631753079732135 103.07764064044152 54.3415126767741 90.27181176868004 75.66372975210778 100.60318086422517 54.3323108288245 47.92702786528704 102.1077861869505 58.855755878248644 48.08326112068523 107.48953437428223 93.91485505499116 28.635642126552707 86.76981041814025 28.284271247461902 106.62082348209472 27.85677655436824 101.95096860746347 50.695167422546305 74.52516353554684 72.02777242147643 50.21951811795888 68.54195795277518 86.6083136886985 52.15361924162119 91.43850392476902 46.647615158762406 16.0312195418814 84.8528137423857 63.631753079732135 103.07764064044152 54.3415126767741 90.27181176868004 75.66372975210778 100.60318086422517 54.3323108288245 47.92702786528704 102.1077861869505 58.855755878248644 48.08326112068523 107.48953437428223 93.91485505499116 28.635642126552707 86.76981041814025 28.284271247461902 106.62082348209472 27.85677655436824 101.95096860746347 50.695167422546305 74.52516353554684 72.02777242147643 50.21951811795888 68.54195795277518 86.6083136886985 52.15361924162119 91.43850392476902 46.647615158762406 16.0312195418814 84.8528137423857 63.631753079732135 103.07764064044152 54.3415126767741 90.27181176868004 75.66372975210778 100.60318086422517 54.3323108288245 47.92702786528704 102.1077861869505 58.855755878248644 48.08326112068523 107.48953437428223 93.91485505499116 28.635642126552707 86.76981041814025 28.284271247461902 106.62082348209472 27.85677655436824 101.95096860746347
taskDisMat  0.0 68.96375859826666 25.495097567963924 2.0 19.79898987322333 61.1310068623117 59.54829972383762 57.0701322935211 14.212670403551895 48.093658625644196 48.27007354458868 45.31004303683677 60.53924347066124 54.48853090330111 57.55866572463264 29.410882339705484 51.03920062069938 59.413803110051795 43.139309220245984 51.419840528729765 59.54829972383762 3.1622776601683795 69.07966415668217 71.34423592694787 39.21734310225516 38.897300677553446 29.832867780352597 85.28774824088158 41.10960958218893 51.884487084291386 68.96375859826666 0.0 91.0494371207203 70.71067811865476 66.48308055437865 30.01666203960727 23.706539182259394 45.17742799230607 55.00909015790027 58.69412236331676 46.84015371452148 24.758836806279895 65.49045732013177 20.223748416156685 42.1070065428546 62.42595614005443 105.20931517693668 21.02379604162864 29.274562336608895 96.74709297958259 15.811388300841896 66.64833081180653 60.13318551349163 29.154759474226502 47.095647357266465 70.2353187506115 53.23532661682466 36.796738985948195 47.265209192385896 87.72684879784524 25.495097567963924 91.0494371207203 0.0 24.698178070456937 26.570660511172846 76.89603370785778 84.40379138403677 68.06614430096654 38.8329756778952 72.3671196055225 59.22837157984339 66.40030120413611 63.50590523722971 78.74642849044012 69.63476143421474 35.510561809129406 29.410882339705484 84.02380615040002 67.62396025078685 35.4682957019364 83.54639429682169 28.635642126552707 75.05997601918082 87.31551981177229 64.62197768561404 38.3275357934736 55.02726596879042 100.57832768544127 66.48308055437865 41.88078318274385 2.0 70.71067811865476 24.698178070456937 0.0 21.2602916254693 63.12685640834652 60.876925020897694 59.033888572581766 15.811388300841896 48.25971404805462 50.21951811795888 47.16990566028302 62.26556030423239 55.97320787662612 59.53990258641679 31.064449134018133 51.0 60.81118318204309 44.598206241955516 51.92301994298868 61.07372593840988 4.242640687119285 70.9365914038728 73.33484846919642 39.92492955535426 40.311288741492746 30.364452901377952 87.28115489611719 41.78516483155236 52.839379254491625 19.79898987322333 66.48308055437865 26.570660511172846 21.2602916254693 0.0 50.32891812864648 64.07807737440318 42.1070065428546 23.194827009486403 62.96824596572466 33.13608305156178 41.773197148410844 41.6293165929973 57.245087125446844 43.41658669218482 10.44030650891055 40.311288741492746 63.071388124885914 47.16990566028302 36.05551275463989 61.40032573203501 21.400934559032695 51.419840528729765 60.74537019394976 51.0098029794274 19.1049731745428 43.56604182158393 74.04052944165107 53.009433122794285 33.52610922848042 61.1310068623117 30.01666203960727 76.89603370785778 63.12685640834652 50.32891812864648 0.0 46.52956049652737 15.811388300841896 50.24937810560445 72.80109889280519 20.518284528683193 23.021728866442675 36.138621999185304 39.11521443121589 12.649110640673518 42.5440947723653 83.6301381082203 43.829214001622255 39.698866482558415 72.91776189653656 38.48376280978771 60.00833275470999 30.14962686336267 10.44030650891055 58.249463516842795 46.69047011971501 59.50630218724736 24.186773244895647 59.405386961116584 62.20128616033595 59.54829972383762 23.706539182259394 84.40379138403677 60.876925020897694 64.07807737440318 46.52956049652737 0.0 58.52349955359813 45.60701700396552 36.124783736376884 56.568542494923804 28.160255680657446 77.10382610480494 8.06225774829855 55.97320787662612 63.788713735268246 104.38869670610895 2.8284271247461903 17.0 98.76234100101111 8.48528137423857 56.639209034025185 75.27283706623525 49.678969393496885 27.202941017470888 73.97972695272672 35.77708763999664 59.665735560705194 26.68332812825267 92.22797840135064 57.0701322935211 45.17742799230607 68.06614430096654 59.033888572581766 42.1070065428546 15.811388300841896 58.52349955359813 0.0 49.24428900898052 79.30952023559341 9.0 31.304951684997057 20.396078054371138 50.59644256269407 3.1622776601683795 32.55764119219941 70.45565981523414 56.04462507680822 48.02082881417188 58.7962583843564 51.19570294468082 56.753854494650845 17.0 23.430749027719962 64.4437739428721 33.61547262794322 63.25345840347388 34.132096331752024 65.94694837519019 47.4236228055175 14.212670403551895 55.00909015790027 38.8329756778952 15.811388300841896 23.194827009486403 50.24937810560445 45.60701700396552 49.24428900898052 0.0 39.81205847478876 41.182520563948 32.01562118716424 57.28001396647874 40.311288741492746 49.040799340956916 29.068883707497267 61.39218191268331 45.34313619501854 29.0 59.00847396772772 45.34313619501854 11.661903789690601 63.51377803280167 60.03332407921454 28.071337695236398 40.311288741492746 20.396078054371138 74.02702209328699 30.066592756745816 56.515484603779164 48.093658625644196 58.69412236331676 72.3671196055225 48.25971404805462 62.96824596572466 72.80109889280519 36.124783736376884 79.30952023559341 39.81205847478876 0.0 73.60027173862879 49.8196748283246 92.9623579735368 38.600518131237564 77.79460135510689 68.30812543175226 99.12618221237011 38.3275357934736 33.28663395418648 98.41239759298622 42.95346318982906 45.044422518220834 95.90099061010788 79.40403012442127 14.866068747318506 79.6994353806851 19.4164878389476 91.67878707749138 13.45362404707371 96.317184344228 48.27007354458868 46.84015371452148 59.22837157984339 50.21951811795888 33.13608305156178 20.518284528683193 56.568542494923804 9.0 41.182520563948 73.60027173862879 0.0 28.442925306655784 20.615528128088304 48.507731342539614 10.44030650891055 23.769728648009426 63.25345840347388 54.3323108288245 44.01136216933077 52.40229002629561 50.039984012787215 48.08326112068523 22.67156809750927 30.0 58.82176467941097 26.248809496813376 56.568542494923804 42.04759208325728 60.4648658313239 41.88078318274385 45.31004303683677 24.758836806279895 66.40030120413611 47.16990566028302 41.773197148410844 23.021728866442675 28.160255680657446 31.304951684997057 32.01562118716424 49.8196748283246 28.442925306655784 0.0 49.03060268852505 20.09975124224178 29.154759474226502 38.47076812334269 80.99382692526635 26.019223662515376 17.029386365926403 73.40980860893181 22.20360331117452 43.32435804486894 48.30113870293329 30.675723300355934 35.22782990761707 47.43416490252569 37.0 44.14748010928823 36.40054944640259 65.52098900352466 60.53924347066124 65.49045732013177 63.50590523722971 62.26556030423239 41.6293165929973 36.138621999185304 77.10382610480494 20.396078054371138 57.28001396647874 92.9623579735368 20.615528128088304 49.03060268852505 0.0 69.05070600652827 23.53720459187964 31.304951684997057 57.584720195551874 74.81310045707235 64.51356446515724 44.28317965096906 70.34912934784623 61.29437168288782 13.0 42.485291572496 78.39005038906404 25.179356624028344 75.0 50.32891812864648 80.1311425102625 31.76476034853718 54.48853090330111 20.223748416156685 78.74642849044012 55.97320787662612 57.245087125446844 39.11521443121589 8.06225774829855 50.59644256269407 40.311288741492746 38.600518131237564 48.507731342539614 20.09975124224178 69.05070600652827 0.0 48.104053883222775 56.32051136131489 97.50897394599124 6.082762530298219 11.40175425099138 91.39474820797966 5.385164807134504 51.73973328110612 67.4166151627327 43.139309220245984 27.0 66.2872536767062 33.95585369269929 54.08326913195984 27.073972741361768 84.52810183601665 57.55866572463264 42.1070065428546 69.63476143421474 59.53990258641679 43.41658669218482 12.649110640673518 55.97320787662612 3.1622776601683795 49.040799340956916 77.79460135510689 10.44030650891055 29.154759474226502 23.53720459187964 48.104053883222775 0.0 34.20526275297414 73.00684899377592 53.45091205957107 46.04345773288535 61.554853586049575 48.507731342539614 57.0701322935211 19.313207915827967 20.518284528683193 62.93647591023825 36.05551275463989 62.20128616033595 31.76476034853718 64.38167441127949 50.32891812864648 29.410882339705484 62.42595614005443 35.510561809129406 31.064449134018133 10.44030650891055 42.5440947723653 63.788713735268246 32.55764119219941 29.068883707497267 68.30812543175226 23.769728648009426 38.47076812334269 31.304951684997057 56.32051136131489 34.20526275297414 0.0 42.80186911806539 62.36184731067546 47.51841748206689 35.11409973215888 59.80802621722272 30.479501308256342 41.0 52.773099207835045 55.10898293381942 11.40175425099138 49.040799340956916 65.55150646628954 57.0701322935211 29.0 51.03920062069938 105.20931517693668 29.410882339705484 51.0 40.311288741492746 83.6301381082203 104.38869670610895 70.45565981523414 61.39218191268331 99.12618221237011 63.25345840347388 80.99382692526635 57.584720195551874 97.50897394599124 73.00684899377592 42.80186911806539 0.0 103.36827366266692 87.46427842267951 14.035668847618199 101.53324578678651 54.08326913195984 70.57619995437555 93.23625904121208 89.26925562588724 37.013511046643494 80.50465825031493 104.5609869884557 91.2414379544733 26.476404589747453 59.413803110051795 21.02379604162864 84.02380615040002 60.81118318204309 63.071388124885914 43.829214001622255 2.8284271247461903 56.04462507680822 45.34313619501854 38.3275357934736 54.3323108288245 26.019223662515376 74.81310045707235 6.082762530298219 53.45091205957107 62.36184731067546 103.36827366266692 0.0 16.401219466856727 97.41663102366043 5.656854249492381 56.568542494923804 72.73238618387272 46.861498055439924 28.635642126552707 72.3671196055225 36.76955262170047 56.85068161420758 28.284271247461902 90.60905032059435 43.139309220245984 29.274562336608895 67.62396025078685 44.598206241955516 47.16990566028302 39.698866482558415 17.0 48.02082881417188 29.0 33.28663395418648 44.01136216933077 17.029386365926403 64.51356446515724 11.40175425099138 46.04345773288535 47.51841748206689 87.46427842267951 16.401219466856727 0.0 82.22530024268686 16.64331697709324 40.36087214122113 65.0 46.14108798023731 19.313207915827967 58.137767414994535 24.020824298928627 58.69412236331676 20.12461179749811 76.32168761236873 51.419840528729765 96.74709297958259 35.4682957019364 51.92301994298868 36.05551275463989 72.91776189653656 98.76234100101111 58.7962583843564 59.00847396772772 98.41239759298622 52.40229002629561 73.40980860893181 44.28317965096906 91.39474820797966 61.554853586049575 35.11409973215888 14.035668847618199 97.41663102366043 82.22530024268686 0.0 94.92101980067429 54.12947441089743 57.271284253105414 82.03657720797473 87.00574693662483 26.627053911388696 79.1580697086532 92.61749294814668 89.00561780022652 12.649110640673518 59.54829972383762 15.811388300841896 83.54639429682169 61.07372593840988 61.40032573203501 38.48376280978771 8.48528137423857 51.19570294468082 45.34313619501854 42.95346318982906 50.039984012787215 22.20360331117452 70.34912934784623 5.385164807134504 48.507731342539614 59.80802621722272 101.53324578678651 5.656854249492381 16.64331697709324 94.92101980067429 0.0 56.85068161420758 67.72001181334805 41.23105625617661 32.0624390837628 69.3757882838098 39.293765408777 51.22499389946279 32.0 87.55569655939013 3.1622776601683795 66.64833081180653 28.635642126552707 4.242640687119285 21.400934559032695 60.00833275470999 56.639209034025185 56.753854494650845 11.661903789690601 45.044422518220834 48.08326112068523 43.32435804486894 61.29437168288782 51.73973328110612 57.0701322935211 30.479501308256342 54.08326913195984 56.568542494923804 40.36087214122113 54.12947441089743 56.85068161420758 0.0 69.35416353759881 70.11419257183242 36.05551275463989 40.45985664828782 26.68332812825267 84.09518416651456 37.94733192202055 54.12947441089743 69.07966415668217 60.13318551349163 75.05997601918082 70.9365914038728 51.419840528729765 30.14962686336267 75.27283706623525 17.0 63.51377803280167 95.90099061010788 22.67156809750927 48.30113870293329 13.0 67.4166151627327 19.313207915827967 41.0 70.57619995437555 72.73238618387272 65.0 57.271284253105414 67.72001181334805 69.35416353759881 0.0 33.734255586866 81.05553651663777 37.05401462729781 79.20858539325141 39.11521443121589 82.61961026293939 44.721359549995796 71.34423592694787 29.154759474226502 87.31551981177229 73.33484846919642 60.74537019394976 10.44030650891055 49.678969393496885 23.430749027719962 60.03332407921454 79.40403012442127 30.0 30.675723300355934 42.485291572496 43.139309220245984 20.518284528683193 52.773099207835045 93.23625904121208 46.861498055439924 46.14108798023731 82.03657720797473 41.23105625617661 70.11419257183242 33.734255586866 0.0 65.29931086925804 56.22277118748239 67.67569726275453 14.0 66.24198064671678 70.83784299369935 39.21734310225516 47.095647357266465 64.62197768561404 39.92492955535426 51.0098029794274 58.249463516842795 27.202941017470888 64.4437739428721 28.071337695236398 14.866068747318506 58.82176467941097 35.22782990761707 78.39005038906404 27.0 62.93647591023825 55.10898293381942 89.26925562588724 28.635642126552707 19.313207915827967 87.00574693662483 32.0624390837628 36.05551275463989 81.05553651663777 65.29931086925804 0.0 66.49060083951716 10.0 78.0 2.0 83.72574275573791 38.897300677553446 70.2353187506115 38.3275357934736 40.311288741492746 19.1049731745428 46.69047011971501 73.97972695272672 33.61547262794322 40.311288741492746 79.6994353806851 26.248809496813376 47.43416490252569 25.179356624028344 66.2872536767062 36.05551275463989 11.40175425099138 37.013511046643494 72.3671196055225 58.137767414994535 26.627053911388696 69.3757882838098 40.45985664828782 37.05401462729781 56.22277118748239 66.49060083951716 0.0 60.40695324215582 67.7421582177598 68.4470598345904 18.24828759089466 29.832867780352597 53.23532661682466 55.02726596879042 30.364452901377952 43.56604182158393 59.50630218724736 35.77708763999664 63.25345840347388 20.396078054371138 19.4164878389476 56.568542494923804 37.0 75.0 33.95585369269929 62.20128616033595 49.040799340956916 80.50465825031493 36.76955262170047 24.020824298928627 79.1580697086532 39.293765408777 26.68332812825267 79.20858539325141 67.67569726275453 10.0 60.40695324215582 0.0 81.04319835741924 11.661903789690601 76.90253571892151 85.28774824088158 36.796738985948195 100.57832768544127 87.28115489611719 74.04052944165107 24.186773244895647 59.665735560705194 34.132096331752024 74.02702209328699 91.67878707749138 42.04759208325728 44.14748010928823 50.32891812864648 54.08326913195984 31.76476034853718 65.55150646628954 104.5609869884557 56.85068161420758 58.69412236331676 92.61749294814668 51.22499389946279 84.09518416651456 39.11521443121589 14.0 78.0 67.7421582177598 81.04319835741924 0.0 78.79086241436883 80.8084154033477 41.10960958218893 47.265209192385896 66.48308055437865 41.78516483155236 53.009433122794285 59.405386961116584 26.68332812825267 65.94694837519019 30.066592756745816 13.45362404707371 60.4648658313239 36.40054944640259 80.1311425102625 27.073972741361768 64.38167441127949 57.0701322935211 91.2414379544733 28.284271247461902 20.12461179749811 89.00561780022652 32.0 37.94733192202055 82.61961026293939 66.24198064671678 2.0 68.4470598345904 11.661903789690601 78.79086241436883 0.0 85.70880934886448 51.884487084291386 87.72684879784524 41.88078318274385 52.839379254491625 33.52610922848042 62.20128616033595 92.22797840135064 47.4236228055175 56.515484603779164 96.317184344228 41.88078318274385 65.52098900352466 31.76476034853718 84.52810183601665 50.32891812864648 29.0 26.476404589747453 90.60905032059435 76.32168761236873 12.649110640673518 87.55569655939013 54.12947441089743 44.721359549995796 70.83784299369935 83.72574275573791 18.24828759089466 76.90253571892151 80.8084154033477 85.70880934886448 0.0

rob_x  0.0 0.0 0.0 0.0 0.0 0.0 0.0 0.0 0.0 0.0 0.0 0.0 0.0 0.0 0.0 0.0 0.0 0.0 0.0 0.0 0.0 0.0 0.0 0.0 0.0 0.0 0.0 0.0 0.0 0.0
rob_y  0.0 0.0 0.0 0.0 0.0 0.0 0.0 0.0 0.0 0.0 0.0 0.0 0.0 0.0 0.0 0.0 0.0 0.0 0.0 0.0 0.0 0.0 0.0 0.0 0.0 0.0 0.0 0.0 0.0 0.0
rob_vel  1.0 1.0 1.0 1.0 1.0 1.0 1.0 1.0 1.0 1.0 1.0 1.0 1.0 1.0 1.0 1.0 1.0 1.0 1.0 1.0 1.0 1.0 1.0 1.0 1.0 1.0 1.0 1.0 1.0 1.0
rob_abi  0.029217428945601358 0.04954932249934691 0.029187280416904923 0.03353537329244976 0.03032434827486243 0.03676509953161661 0.02637846364009278 0.04881083341298431 0.02821529153780868 0.04758480138039436 0.049545734937091704 0.030146776263873472 0.044504700472162505 0.04689280071007497 0.021068765996849873 0.049124200224482134 0.03151110932001771 0.030168538875711127 0.04410182695188276 0.025022686338340806 0.020819525663707122 0.049045579343728 0.020528991418347613 0.0391361235706643 0.037066935082474994 0.032610623957060894 0.044785166188454927 0.04448838944064283 0.020729107292200306 0.03854309451040738

task_x  49.0 15.0 72.0 49.0 63.0 45.0 4.0 60.0 40.0 1.0 60.0 32.0 80.0 12.0 57.0 66.0 100.0 6.0 19.0 99.0 10.0 46.0 75.0 42.0 12.0 77.0 20.0 42.0 10.0 95.0
task_y  13.0 73.0 2.0 11.0 27.0 74.0 52.0 69.0 24.0 16.0 60.0 55.0 65.0 53.0 70.0 37.0 11.0 54.0 44.0 25.0 58.0 14.0 77.0 84.0 26.0 40.0 20.0 98.0 26.0 37.0
task_rate  0.036709692236041945 0.048586054757047484 0.03472053495758138 0.03383729476048228 0.03500594789785663 0.031584029875117214 0.035700768180859384 0.03912355002577549 0.049958680005736056 0.04426642555915014 0.04510898106072422 0.04800302538923509 0.024275789186433694 0.025254496479439975 0.02531650878152598 0.03918308559432909 0.026222805572700302 0.04324937592470193 0.04080651430276687 0.047596642477239576 0.04371246937022327 0.022543751576299956 0.03453208316261666 0.036441838977391075 0.031830119254590186 0.0391729449661217 0.03272287954633771 0.048691938887453115 0.035119745585654775 0.04061294937941891
task_init_demand  2.3025850929940455 2.3025850929940455 2.3025850929940455 2.3025850929940455 2.3025850929940455 2.3025850929940455 2.3025850929940455 2.3025850929940455 2.3025850929940455 2.3025850929940455 2.3025850929940455 2.3025850929940455 2.3025850929940455 2.3025850929940455 2.3025850929940455 2.3025850929940455 2.3025850929940455 2.3025850929940455 2.3025850929940455 2.3025850929940455 2.3025850929940455 2.3025850929940455 2.3025850929940455 2.3025850929940455 2.3025850929940455 2.3025850929940455 2.3025850929940455 2.3025850929940455 2.3025850929940455 2.3025850929940455
